1 83 74 148 227 1.1585852330492379
2 93 140 99 152 0.28571664856189627
3 143 25 117 180 0.7432416868426561
4 65 29 191 293 1.1479355829220104
5 167 13 148 227 0.1917551543791438
6 90 47 170 260 0.5957491193574489
7 102 10 163 250 0.4081003322591841
8 169 119 159 244 0.24939808465663416
9 18 121 144 220 0.349990347356105
10 65 0 160 245 0.15339659326015176
11 59 26 210 323 1.2517621540465533
12 79 18 150 230 0.6042756383478223
13 58 0 94 144 0.8554142413013954
14 91 67 108 165 0.5603609770315634
15 71 125 174 267 0.45399349160310654
16 110 0 220 337 0.22970194503714159
17 167 36 144 221 0.9852780630306601
18 68 0 242 372 0.26265089803669417
19 133 280 107 163 0.1610434986822067
20 78 66 192 295 0.4348710661903741
21 0 153 132 202 1.1176803928056362
22 0 8 138 212 0.4000924807514621
23 152 20 128 197 0.2996081297810542
24 180 190 165 252 0.3217148706036055
25 17 28 183 281 0.8520930080689124
26 172 31 102 156 0.8927079018332529
27 17 229 136 208 0.7501904736349301
28 209 0 136 209 0.41486068609437843
29 102 18 116 178 1.398653952842708
30 126 158 175 268 0.14095697370571147
31 273 5 165 252 1.1545303196901127
32 156 9 156 239 1.052509412467385
33 167 138 119 182 0.6261149140378068
34 63 0 169 260 0.5451055198052341
35 165 50 160 245 0.5598817929569495
36 120 0 107 163 1.0766143580286165
37 173 180 117 180 0.21203126777002645
38 246 23 148 227 0.5497518954650416
39 67 14 112 172 1.5480661841723824
40 95 9 145 222 0.930122159433423
41 74 78 125 192 0.31041374086673446
42 57 12 203 312 0.9363468202391443
43 133 0 152 232 0.3633808475533822
44 72 4 155 237 0.6458944260301696
45 74 158 158 242 0.13927172939910282
46 93 63 157 240 0.7738932677142096
47 145 13 108 165 0.8621763568752441
48 57 126 203 311 0.15310202874585266
49 88 84 142 217 0.37920179047443003
50 20 103 132 202 0.9848062508036366
51 53 46 214 328 1.2613580142605716
52 45 45 183 281 1.139813935864254
53 139 39 139 213 1.179568264448309
54 24 48 195 299 0.6379662512009363
55 90 0 130 200 0.47842320118791215
56 45 12 207 317 1.39360078918496
57 107 0 137 210 0.6147119536483983
58 156 48 111 170 0.39795350005092955
59 61 22 179 275 0.41348903586791574
60 140 144 128 197 1.141347401632246
61 21 176 97 148 0.44079463767274096
62 262 7 127 195 0.766824596465526
63 31 73 167 256 0.15169053361461038
64 98 10 108 166 0.23784478193550407
65 78 119 132 202 0.32769367659709325
66 79 36 195 299 0.26905139347358875
67 120 147 147 226 0.16685627665570246
68 42 6 195 299 0.8774455381501098
69 46 26 212 325 1.8796816527247857
70 144 84 135 207 0.2911281741255771
71 184 51 92 141 0.7367885306136794
72 259 0 133 205 0.38995855278917135
73 212 56 199 305 0.15909747871468083
74 52 175 119 182 0.6093946094883702
75 77 27 146 223 0.2546456428969386
76 46 29 186 286 0.1662649754513168
77 62 44 201 308 1.2355333892776599
78 4 176 148 227 0.1790819888890567
79 205 14 93 143 0.6300057287307637
80 235 29 93 142 0.8337071784642249
81 64 6 207 318 1.1164957220740666
82 61 61 195 299 0.5755189128846931
83 63 12 201 309 1.0333561108014055
84 83 0 222 341 1.017389876793369
85 85 0 228 349 0.43334101665947267
86 65 6 208 319 0.4160848428710109
87 225 5 167 256 1.5434955180973524
88 104 8 134 205 0.8285950281946646
89 31 0 203 312 0.8104496988857972
90 52 39 209 321 1.4047046431248205
91 120 0 106 163 1.1336174828115675
92 42 28 224 343 0.8037338732891033
93 4 119 136 208 0.2974850868633243
94 285 137 115 177 0.5623066168732993
95 243 146 123 189 1.5709340259936082
96 85 111 170 260 0.6095381737614569
97 51 27 148 227 1.8153115810332012
98 187 0 127 195 0.5079528028478932
99 73 18 196 301 0.22943505815242915
100 279 91 162 249 0.2710726620257671
101 147 0 152 232 0.3912192153350944
102 116 14 93 142 0.46332858246485786
103 54 135 135 207 1.1317485456435257
104 75 0 161 247 0.24032117396510944
105 9 212 144 221 0.9844916941610868
106 12 76 136 208 0.4443933724113285
107 149 17 140 215 0.7101007868488483
108 43 33 153 235 0.20030223558320137
109 146 290 102 156 0.7395461553326996
110 169 230 122 188 0.45824978950974926
111 112 70 97 149 0.4465998198204897
112 213 72 155 237 1.3014447469841766
113 15 10 164 251 1.3232252927974149
114 167 15 121 186 0.6352128499485212
115 63 38 204 313 1.3671344827195149
116 183 10 108 166 1.2017968523631903
117 213 52 166 255 0.4652811387906617
118 117 4 134 205 0.26733096514843857
119 125 65 148 227 0.39259519595962034
120 33 48 119 182 0.13122399621681358
121 84 33 117 180 0.46941129134903137
122 75 27 219 336 1.03102963099128
123 43 18 199 305 0.5811547550813283
124 125 95 98 150 0.3751201045249446
125 192 10 112 171 0.8024290904428291
126 87 0 200 307 0.858490534986071
127 48 27 221 339 0.49671602348410593
128 69 38 246 377 0.8253011281160625
129 70 6 205 314 1.0048381241616153
130 59 17 191 293 1.1169671473661313
131 135 16 108 166 0.4262212847690281
132 108 129 138 212 0.23847994127393846
133 60 13 214 329 1.0460696292172182
134 55 31 198 304 1.6028503907882559
135 83 86 95 146 0.7636063015712291
136 62 14 116 178 0.18313429462493303
137 82 22 146 223 0.37498818479575924
138 129 64 206 316 1.3249807718443345
139 181 133 118 181 1.4847994506012328
140 101 145 154 237 0.22189693699044843
141 72 66 193 297 0.5709303680552817
142 54 6 193 296 1.3289514199485344
143 220 208 99 152 0.702517507211093
144 89 0 102 156 0.233764702520735
145 46 39 210 323 0.7669861568534946
146 182 22 182 279 0.20700664856938977
147 102 3 108 166 0.681530994973172
148 84 9 150 230 0.26488330326296095
149 83 0 140 215 0.4476500653270241
150 217 68 129 197 0.28476160706508913
151 111 0 132 202 0.5749494988925357
152 44 55 178 273 1.4533712438851334
153 160 30 138 212 0.778091250362277
154 200 19 87 134 1.0343722098187078
155 174 164 164 252 0.4132100916964363
156 115 43 115 176 0.21082493218551202
157 86 19 212 326 0.72959931351542
158 120 58 132 203 0.4326022285595599
159 246 53 100 153 0.18002983984505683
160 64 14 159 243 0.33307929405667536
161 103 0 137 210 0.15197399081566232
162 160 61 88 135 0.8934528104367081
163 59 6 212 326 1.067310366479181
164 15 172 120 183 0.28740903897025705
165 14 14 112 171 0.8110318005217325
166 53 31 141 217 0.7294617119697977
167 65 77 190 292 1.7511647937889478
168 47 6 216 332 0.760516734853824
169 44 14 235 360 0.651052806478019
170 173 0 135 207 0.24888177216372998
171 49 176 98 151 0.5247419397408324
172 123 232 112 172 0.5585910008336477
173 54 27 218 334 1.9403428614752884
174 84 6 192 294 0.4087284138396552
175 76 8 143 219 1.1334262998696445
176 282 53 106 162 0.17638061325246013
177 59 128 105 160 0.4221587293596982
178 44 0 178 273 0.45448269553332965
179 8 179 130 200 1.2541658791403327
180 32 19 208 319 0.6830695580528079
181 104 12 128 197 0.5870727140779015
182 134 0 187 286 0.40773443140306953
183 119 0 166 254 0.32710924927177554
184 87 29 103 158 1.1866574712247002
185 79 44 158 242 0.926634984421691
186 20 76 162 248 0.49579107122721333
187 131 43 155 237 0.4823660245362127
188 48 0 220 337 1.1705302025773097
189 79 0 127 195 0.5141656799676053
190 52 75 151 232 0.3961304229598974
191 63 118 145 222 0.12089028849882699
192 114 102 130 200 0.47791240161970805
193 200 104 133 204 0.5644972578335492
194 0 195 156 239 0.42596358779723076
195 115 33 119 182 0.9076278964622444
196 149 0 108 166 0.9620226517454433
197 54 12 195 299 1.2859292421401907
198 90 4 144 221 0.7014916647893832
199 99 0 139 212 0.8499752373562932
200 26 160 142 218 0.4052588398521275
201 38 187 153 235 0.6578341402273662
202 87 67 127 195 0.8047497010298956
203 118 68 115 176 0.269913567655756
204 86 26 139 212 0.9642507467286798
205 179 0 139 214 0.21941426054185365
206 169 140 117 180 0.20030344686141044
207 70 77 226 347 0.7986767869624551
208 247 37 149 228 2.29490255595391
209 13 214 143 219 0.2076715378595062
210 109 22 146 224 0.12313796125434173
211 63 220 92 142 0.8856509907260708
212 120 193 137 211 0.8303407453459748
213 115 46 148 227 0.5729592235358101
214 131 32 131 201 0.8411778818609761
215 253 12 135 207 0.5717653175855881
216 89 27 124 190 1.3955082337869384
217 61 12 131 201 0.2045669954106033
218 198 4 147 226 0.5156299187946376
219 65 23 105 161 0.45787539036042824
220 56 74 199 305 0.7718453921806898
221 30 30 192 295 0.7660460584637776
222 6 78 208 320 0.4121817754554562
223 11 171 127 195 0.16730093393881607
224 117 7 113 174 0.6003879295550796
225 55 135 160 245 0.3182148800931992
226 141 63 113 173 0.2153105627312264
227 61 125 115 176 1.070925282791597
228 40 23 185 284 0.8167450899472766
229 161 30 120 184 0.6889355784402602
230 219 23 127 195 0.7507791002011854
231 0 47 95 145 0.3490082213664827
232 76 31 204 313 1.3709580906487069
233 71 6 208 319 0.781106089800341
234 49 6 199 306 1.3654204807028696
235 178 293 75 115 0.5599390479466855
236 44 22 179 275 0.9857337108838518
237 58 225 133 204 0.3323686573501854
238 97 29 156 240 0.6880358532495239
239 111 27 149 228 0.5523327481365061
240 98 232 137 210 0.6468037109384108
241 109 52 152 233 1.0243760630303973
242 125 7 118 181 0.4580609949360961
243 180 73 130 200 0.303972006792417
244 70 17 188 289 0.13080627651525356
245 75 165 151 231 0.37680739722528167
246 23 40 186 285 0.3056202497896414
247 152 0 147 225 0.8433659631556785
248 68 7 84 130 0.3796668382358408
249 147 10 168 257 0.6017142064207126
250 126 149 103 159 0.49115467117014977
251 104 49 159 244 0.8266562974563303
252 88 139 117 180 0.3111544523335821
253 61 13 220 337 1.4668865140271306
254 260 30 120 185 0.8161406698601603
255 210 0 112 172 0.39343355079916464
256 195 156 179 274 0.1772664299527167
257 166 217 91 140 0.1112785851290028
258 137 0 156 240 0.9400780195754217
259 180 224 117 180 0.1693817055746527
260 73 0 130 200 1.172118134855386
261 192 17 113 174 0.22376487893946262
262 98 3 105 161 0.3767159188991336
263 105 0 105 161 0.28551097353841115
264 70 0 141 217 0.6844933569629019
265 110 0 131 200 0.24669923826224172
266 166 109 152 232 1.172339510056675
267 274 159 159 244 0.3117006302795269
268 15 3 127 195 0.3265590312274951
269 122 104 111 171 0.9164956691824544
270 285 68 103 159 0.44892773921372253
271 60 36 192 295 0.984159958625076
272 12 106 201 308 0.1326998083556976
273 8 117 138 212 0.631915892838337
274 252 21 96 147 1.1482175415760782
275 52 0 188 288 0.6823018207787779
276 71 0 190 292 0.33228926300329564
277 119 14 95 146 0.5656534241836189
278 222 35 112 172 0.5392430973871885
279 281 15 160 246 0.383647231759048
280 24 96 192 294 1.1866572584101325
281 53 112 156 240 0.2116760293097819
282 62 37 198 304 0.805659102667323
283 78 17 140 215 1.3420418754365702
284 27 94 108 166 0.5321035129412246
285 76 0 222 341 0.1914717183165302
286 45 64 207 318 0.2062819841514174
287 182 158 112 172 0.20279812564580513
288 60 20 213 327 1.5111013353803207
289 4 36 129 197 0.26102287247153066
290 65 15 160 246 0.4747285147293756
291 54 140 195 299 0.8484993485034062
292 84 70 224 344 0.8542619685003463
293 156 84 128 197 0.6354193641125818
294 209 241 128 197 0.3350136877827017
295 274 170 111 170 0.1318448192395223
296 94 139 143 220 0.24166844397660592
297 125 17 181 278 1.8893143122242997
298 35 3 101 156 0.7598542049217072
299 86 58 145 222 0.2822310563153012
300 250 80 151 231 0.10690826774655693
301 67 36 195 299 0.9446543267869913
302 89 15 168 257 0.8356377302595224
303 104 159 145 222 0.18587735705724584
304 18 82 147 225 0.28508639095995547
305 183 47 139 213 0.8849764643935021
306 183 120 107 163 0.7614240111717854
307 60 24 192 295 1.2115093640369088
308 202 0 132 202 0.2843376312116168
309 155 106 155 237 0.44626735262206485
310 80 3 117 180 0.5355404484473474
311 75 27 68 105 0.6130158561398169
312 303 61 140 215 0.8424235669917481
313 13 13 139 213 0.23347790730540852
314 113 218 139 214 0.6197350056337398
315 160 77 166 254 1.1216973472729979
316 241 64 108 166 0.31461595026936817
317 71 28 227 348 1.2746103597595864
318 43 73 196 301 1.0586491655285644
319 135 56 120 185 0.342750441387659
320 10 0 166 254 0.12436714426457773
321 47 14 115 177 0.8668204878163761
322 144 72 121 186 0.978503690192907
323 59 0 146 223 0.8068474321444192
324 87 90 107 165 0.6662064719027352
325 88 22 141 216 0.7451913709687346
326 87 9 156 239 0.9936188870384501
327 150 16 130 199 0.18995964304721658
328 62 80 198 304 0.1650900822236907
329 84 32 79 122 0.6072973418181966
330 76 33 152 233 1.011965252649049
331 53 196 143 219 0.30897593488618313
332 302 61 130 200 0.19551240315537277
333 0 94 111 170 0.5602660169032543
334 112 27 124 190 0.5417225994298855
335 263 99 99 151 0.3567159772239987
336 169 90 169 260 0.28367759241675006
337 262 136 87 134 0.9478897121151733
338 247 13 146 225 1.4244533966903032
339 84 4 141 217 0.1810111067911424
340 52 104 208 320 0.17087044173005705
341 81 0 136 209 1.0215615856374576
342 15 190 122 187 1.8587794739997097
343 50 14 231 355 0.25861385936211545
344 204 62 90 139 0.5310425526687064
345 86 15 162 249 0.6730211631305663
346 40 6 214 328 0.7317807628539688
347 72 5 179 275 0.44059814433340283
348 93 12 200 307 0.5562638826327733
349 83 201 121 186 1.1041529133234314
350 51 6 205 314 0.3976629196176955
351 199 264 116 177 0.2305514802816946
352 155 128 142 217 0.6411288003199409
353 110 20 130 200 1.1802189384845876
354 52 47 139 213 0.2806136132204011
355 82 65 139 213 0.21226390833477016
356 73 93 111 170 0.22314675470924072
357 155 130 89 136 0.1904863789859832
358 41 17 190 291 1.347670145000251
359 76 6 203 311 0.10472466641339762
360 95 39 139 213 0.7638021236987431
361 160 34 122 187 0.9178230363842317
362 153 26 139 214 1.2924824167911473
363 205 50 133 205 0.11071547253391967
364 49 31 198 304 0.8197062258890779
365 88 153 129 197 0.39608631719391263
366 28 206 132 202 0.45186190272629045
367 209 65 124 190 0.18472873227222575
368 42 42 195 299 1.178106101701015
369 43 0 175 268 0.2144498012318088
370 207 232 130 199 1.0867515267844257
371 24 0 195 299 0.2962101517066331
372 38 98 136 208 0.29057676904562824
373 18 258 121 186 0.8698211966614193
374 67 54 195 299 1.1272176389685578
375 127 0 151 231 1.0854866280768338
376 203 31 141 217 0.9504741181333209
377 70 32 206 316 0.718467908593486
378 301 61 123 189 0.17992667692124598
379 76 4 152 233 1.3249722359319136
380 137 184 151 232 0.48266279107349774
381 81 7 236 362 1.180303748380538
382 119 124 147 225 0.9198032968171528
383 191 151 127 195 0.14254304101217596
384 36 0 196 301 0.3359310637726367
385 254 0 173 265 0.428247900224596
386 47 181 138 211 0.5484390824688898
387 149 0 119 183 0.16544848243578625
388 119 5 165 253 1.0991410407353668
389 155 0 160 245 0.4713823575747653
390 76 20 128 197 0.3815103808000664
391 189 83 147 226 0.32455933822034266
392 24 24 195 299 0.23335663007060492
393 28 229 112 172 0.23017260549370788
394 224 153 132 203 1.450649500336885
395 99 15 168 257 1.1141610509079636
396 40 26 214 329 0.987054684891757
397 68 115 137 210 0.6415704215742692
398 141 100 110 169 0.28339282128404775
399 33 127 151 231 0.30301459197181946
400 46 46 210 323 1.5501887687076648
401 18 140 195 299 0.6781339886078952
402 186 50 161 247 0.3867578073455251
403 110 113 107 163 0.6891017068149923
404 113 21 98 150 0.8836861004743699
405 195 0 142 217 0.9557042095602284
406 94 11 125 192 0.5647716162614425
407 235 3 101 156 0.5842668865702727
408 20 56 164 252 0.25119241697298356
409 16 0 256 392 0.11355228150153995
410 173 18 120 184 0.895557754158683
411 0 190 156 239 1.0537633826807207
412 143 128 152 233 0.7869625282940627
413 150 180 155 238 0.3568625345923413
414 187 17 109 167 0.760809829352243
415 55 0 137 210 0.9878083757175962
416 33 11 179 275 0.42852884733367325
417 89 15 168 258 1.3287819137431904
418 87 11 126 194 1.2673883997716187
419 27 16 176 271 0.7029484415838751
420 106 22 242 371 0.13554197090589049
421 144 144 140 215 0.33264842310611376
422 46 0 134 206 0.14321721359358675
423 44 70 203 312 1.1489324454346208
424 59 0 236 362 0.8479189667556015
425 98 14 149 229 0.4477486097098733
426 227 166 140 214 0.5997009949177441
427 84 3 103 158 0.5680009657065468
428 73 14 157 240 0.8850597098336987
429 151 77 138 212 0.7127368693404026
430 46 46 210 322 1.4335946225306457
431 37 7 240 368 0.6315347382188867
432 163 16 102 156 0.5294330844399033
433 140 162 97 150 0.1861739187843361
434 152 103 143 220 0.22559097804304806
435 91 27 108 166 0.19574500926368676
436 238 34 155 238 0.8687971572930291
437 100 5 168 258 0.22302950698747392
438 94 17 137 210 0.2828937625729011
439 60 36 193 296 1.01294687165588
440 42 63 170 261 0.3300975844254914
441 43 0 231 354 0.936282306587574
442 115 12 136 208 0.7979884654551139
443 94 90 120 185 0.352551863103429
444 170 195 160 245 0.8177952249300802
445 107 0 149 229 0.4810617995331261
446 74 37 170 260 1.440008807185033
447 196 75 121 185 0.19533233235350633
