1 42 71 227 227 0.5891068457495372
2 157 4 129 129 0.12175547530530761
3 138 243 152 152 0.4741223420575085
4 58 26 209 209 0.5089338072023613
5 163 28 227 227 0.12043884231275626
6 48 48 260 260 0.17921316898853235
7 104 84 159 159 0.3155152754526893
8 136 195 190 190 0.4478718638525905
9 101 16 180 180 0.15965759846997152
10 68 19 156 156 0.4898946780366549
11 36 43 230 230 0.5923593016481499
12 61 16 178 178 0.5063226982669224
13 31 0 144 144 0.1095934178538569
14 101 190 135 135 0.21277011721531736
15 74 186 170 170 0.5397172964109027
16 37 67 240 240 0.12068341139663286
17 13 6 221 221 0.7896553183204973
18 71 213 206 206 0.21748129386121695
19 203 62 86 86 0.9269028960909855
20 112 194 163 163 0.21297676598020354
21 179 298 140 140 0.3595943025195636
22 165 9 146 146 0.1823503111077951
23 156 52 104 104 0.17213888417857515
24 110 208 196 196 0.4232312767981512
25 18 25 200 200 0.7066319686055189
26 93 179 114 114 0.765317315233808
27 0 239 170 170 0.8588824689113213
28 203 18 145 145 1.1946863323731156
29 86 13 146 146 0.6811562973040504
30 153 158 144 144 0.3981452810282169
31 245 12 196 196 0.1759581896546769
32 139 29 186 186 0.4430352461518785
33 15 304 126 126 0.19098501034011872
34 46 40 185 185 0.16823464708051072
35 197 0 191 191 0.5153063573181027
36 122 52 98 98 0.16567998170391207
37 107 141 180 180 0.2498464471821431
38 213 21 227 227 0.51337724690578
39 48 0 172 172 0.6757807325412359
40 55 0 222 222 0.6443359053089974
41 69 118 157 157 0.28003849351875454
42 55 62 222 222 0.23227474666588943
43 135 5 181 181 0.7485073096043893
44 75 61 151 151 0.16911031137771215
45 77 192 154 154 0.5677600649257175
46 7 75 240 240 0.12152975741794747
47 126 17 140 140 0.10079910132123926
48 83 141 141 141 0.5038012705537294
49 91 142 117 117 0.2938223583976727
50 100 0 128 128 0.7009445194068222
51 51 43 234 234 0.6569275020632916
52 43 62 200 200 0.49098396066392014
53 113 33 213 213 0.3586739511623891
54 98 57 166 166 0.2917187831487076
55 92 184 164 164 0.8614590584707367
56 42 7 226 226 0.7712113572330086
57 112 8 133 133 0.11227755055707345
58 156 320 125 125 0.2864213126144124
59 30 202 196 196 0.8400749580169673
60 86 206 153 153 0.46620252958195274
61 252 259 113 113 0.4166427854606425
62 251 18 151 151 0.1120408125029495
63 138 289 138 138 0.512981013676022
64 97 17 115 115 0.32229993616908925
65 47 299 108 108 0.3088585361361138
66 62 238 166 166 0.3964164999455213
67 106 228 121 121 0.8872642633904406
68 40 13 213 213 0.327664829003099
69 29 36 232 232 0.9906130162728113
70 90 310 132 132 0.9652939332298205
71 90 71 103 103 0.13426542541324094
72 169 11 123 123 0.7281792015067869
73 224 188 194 194 0.42849432188456493
74 116 68 109 109 0.7923679949518487
75 80 8 142 142 0.9360837425068267
76 110 175 110 110 0.6106643991247696
77 55 20 220 220 0.7117058336617479
78 29 39 157 157 1.860670203540276
79 91 0 117 117 0.10725733421992101
80 78 115 109 109 0.20712820004016552
81 56 21 227 227 0.535633391400808
82 67 233 166 166 0.7654941464513789
83 55 41 220 220 0.7858514919952069
84 68 83 243 243 0.33352125345409434
85 62 23 250 250 0.6088402965325954
86 42 14 227 227 0.30105038129787953
87 184 24 256 256 0.2849850039623454
88 78 26 168 168 0.14292119973925432
89 13 6 222 222 0.8112963440864966
90 35 71 229 229 0.8967459708080958
91 99 4 138 138 0.39804993553236656
92 38 68 245 245 0.4824070901230737
93 25 162 162 162 0.5728804804945347
94 271 145 145 145 0.21688374049066472
95 237 164 155 155 0.5199023295584042
96 82 114 202 202 0.41160288882915297
97 38 66 177 177 0.7147319252776274
98 165 33 151 151 0.3399790967345604
99 83 41 167 167 0.2768849665214117
100 259 113 172 172 0.3001280047366841
101 23 60 148 148 0.8148604176747267
102 29 58 104 104 0.18930334964785
103 73 233 124 124 0.30499590936707177
104 78 9 157 157 0.49088394006536396
105 10 242 172 172 0.7069381937492172
106 65 121 162 162 1.0758815357522522
107 114 26 215 215 0.30461932913724477
108 295 103 150 150 0.2390559026423471
109 206 177 132 132 0.25764827475908003
110 144 245 154 154 0.4876810594596499
111 106 13 109 109 0.37410087215048193
112 170 66 237 237 0.5076203144820683
113 12 36 195 195 0.6025666494932977
114 161 40 129 129 0.7593232315889094
115 69 6 223 223 0.4549777984353618
116 237 144 135 135 0.37974328444669214
117 192 68 198 198 0.10975509209632772
118 128 8 142 142 0.44512373601717936
119 71 28 227 227 0.1681417852760263
120 96 183 133 133 0.12997937478359423
121 97 31 124 124 0.1313731280076822
122 60 30 240 240 0.881283168797061
123 40 27 217 217 0.3443765047559211
124 112 89 150 150 0.39943324035218675
125 185 27 126 126 0.4469264633155301
126 75 20 219 219 0.7951136092162427
127 45 22 242 242 0.2368796107608615
128 78 215 209 209 0.8024648396594332
129 49 42 224 224 0.5165215978471562
130 58 52 209 209 0.37033166639921644
131 136 43 115 115 0.5088155877576046
132 109 126 135 135 0.6569464795461841
133 44 14 235 235 0.9224432005447967
134 27 162 217 217 0.8810345844703376
135 77 73 146 146 0.2780148933947286
136 105 297 146 146 0.5709965990922519
137 88 75 142 142 0.4670324287007084
138 107 92 246 246 0.49519511779855296
139 171 157 148 148 0.33638655756780156
140 113 183 150 150 0.5015292463899361
141 72 46 165 165 0.374933664535009
142 46 19 211 211 0.27823235877260855
143 193 213 128 128 0.29010564424616025
144 24 103 132 132 0.33652325524616167
145 28 72 230 230 0.3091498018660861
146 183 5 177 177 0.13711204204926508
147 97 46 115 115 0.5377891698116475
148 104 100 124 124 0.4716053656593999
149 67 10 167 167 0.544879109165066
150 132 8 136 136 0.45551842960115163
151 50 12 202 202 0.17082556582873742
152 48 36 195 195 0.2872520215458958
153 136 54 174 174 0.23174712318771418
154 168 138 134 134 0.38751131482013745
155 175 205 160 160 0.20196763305541232
156 188 202 106 106 0.5192115066266834
157 106 129 148 148 0.3574807164279519
158 3 238 107 107 0.3457273737838009
159 87 0 187 187 0.1388904769060444
160 35 17 189 189 0.29993859943762113
161 109 9 145 145 0.40975072268081636
162 0 76 135 135 0.44111047755803234
163 43 21 232 232 0.20733962306648301
164 11 194 127 127 0.34773642184883125
165 128 0 171 171 0.25324262343224047
166 77 302 138 138 0.19234007472583636
167 65 97 208 208 1.3381818377060695
168 37 0 237 237 0.2819743110299413
169 56 56 257 257 0.2119243141414957
170 179 26 143 143 0.624742612620371
171 113 245 151 151 0.35388490463238953
172 106 272 126 126 0.26870043089386986
173 37 37 238 238 1.4705047757761656
174 52 157 210 210 0.4071276648766453
175 47 13 219 219 0.2510533967949842
176 280 103 97 97 0.2674435699186153
177 0 0 160 160 0.8839587769346755
178 24 0 195 195 0.9427093169059786
179 71 0 163 163 0.5111722830119141
180 35 14 227 227 0.40382343900899254
181 146 277 161 161 1.537128100105928
182 118 41 222 222 0.7098140312637704
183 115 64 136 136 0.31146438720138336
184 73 28 130 130 0.10328830972985648
185 0 253 188 188 1.5933976190128476
186 246 209 133 133 0.27415202867197763
187 96 52 237 237 0.38123390274575764
188 37 0 240 240 0.5696749536154628
189 80 4 151 151 0.28373532266906176
190 7 36 232 232 0.12152960753439768
191 65 167 173 173 0.38819692870932165
192 108 108 138 138 0.43715396753289015
193 199 119 141 141 0.41992938448677153
194 57 290 152 152 0.8482407849245241
195 98 28 149 149 0.6170660097781493
196 25 12 135 135 0.8801264249449323
197 33 33 213 213 0.4142429581201812
198 69 0 172 172 0.31120512511623377
199 93 10 165 165 1.0956713958547821
200 36 150 117 117 0.4865130048127191
201 57 228 130 130 0.30477046196130697
202 69 54 159 159 0.3559401557472599
203 60 22 176 176 0.24227386853299349
204 67 51 165 165 0.4839377929102062
205 145 0 166 166 0.19117766697193694
206 87 7 232 232 0.18173824353162304
207 54 69 247 247 0.7628792166572917
208 200 71 228 228 0.9389115588613808
209 3 329 102 102 0.28745512348210545
210 109 10 174 174 0.22904528939667634
211 115 88 108 108 0.13583719899609004
212 107 221 172 172 0.9615406526903465
213 110 27 176 176 0.4608530296206528
214 125 25 201 201 0.2765169136490777
215 95 85 161 161 0.2835864334160736
216 73 23 147 147 0.44867114282402
217 190 25 164 164 0.23287929469755086
218 202 81 144 144 0.6056824340886737
219 230 8 131 131 0.5548550743894256
220 54 68 217 217 0.40173720573830707
221 6 59 210 210 0.3535511045120101
222 16 172 177 177 0.3459937001981337
223 8 261 135 135 0.5401908393236017
224 53 214 142 142 0.46409581377885933
225 206 32 131 131 0.23611857912765588
226 191 39 104 104 0.21990562232943756
227 40 126 144 144 0.23715060764795393
228 38 38 202 202 0.3212288483231551
229 0 18 150 150 0.2607425871877995
230 4 198 135 135 1.3314187520971847
231 72 16 178 178 0.481396933300285
232 69 83 223 223 1.2198653329096167
233 64 64 227 227 0.2635777939578965
234 40 40 218 218 0.8037825638051599
235 79 3 115 115 0.18162672876966912
236 36 30 196 196 0.41904116921498136
237 168 0 141 141 0.3314023127838841
238 105 35 186 186 0.36997794689037455
239 83 194 177 177 0.21585073068540472
240 113 31 113 113 0.32354128691735906
241 102 62 181 181 0.311746117984133
242 58 156 125 125 0.6942070205173163
243 169 56 164 164 0.2404118819785126
244 82 24 155 155 0.22165174807390287
245 77 3 108 108 0.5009738682087019
246 54 9 158 158 0.142858799611572
247 112 0 225 225 0.4683963488289882
248 99 189 110 110 0.1395608567188189
249 119 37 200 200 0.32682121584918455
250 149 156 76 76 0.19949247315822038
251 38 45 244 244 0.2420404118005397
252 89 175 124 124 0.7416364763242285
253 45 45 240 240 1.422921639221184
254 29 14 237 237 0.16263676773380098
255 176 17 140 140 0.25058403941147445
256 201 256 174 174 0.2504595826440954
257 157 219 140 140 0.2837078316226349
258 93 5 186 186 0.24271671834777164
259 107 116 95 95 0.4966059544448358
260 68 4 155 155 0.7789611102400946
261 94 166 120 120 0.7039964227687401
262 94 0 111 111 0.2938537504917893
263 110 0 104 104 0.3077301170503306
264 67 176 217 217 0.16545709031156575
265 209 102 156 156 0.17902360853166432
266 171 138 148 148 0.9729992945997497
267 74 5 169 169 0.18182792229978473
268 14 33 152 152 0.19932746997102524
269 113 99 145 145 0.26959803725220777
270 286 119 102 102 0.5142854193408692
271 59 85 210 210 0.6856064628360692
272 3 25 118 118 0.3822437610995024
273 159 132 212 212 0.267639307396232
274 70 97 124 124 0.27236167926577304
275 45 51 205 205 0.3576185235688132
276 71 19 208 208 0.24080367593189034
277 73 288 146 146 0.4901794360841316
278 0 31 146 146 0.6402637752269054
279 251 5 191 191 0.2334595245270481
280 32 216 210 210 1.0073291529425918
281 55 128 196 196 0.12759526828769108
282 40 33 217 217 0.20286397937211964
283 76 12 136 136 0.6595343394609634
284 174 46 99 99 0.2574547047884834
285 111 0 155 155 0.22999430218496597
286 90 176 144 144 0.1796023359301384
287 178 212 119 119 0.667344775887341
288 65 102 233 233 0.656238391639794
289 0 115 136 136 0.418337589605811
290 54 16 175 175 0.2594226123925458
291 46 133 213 213 0.9065059832067512
292 76 76 245 245 0.5429780705056895
293 240 147 197 197 0.10684509255121788
294 100 242 161 161 0.201602971010449
295 207 136 207 207 0.30106641603842466
296 69 42 171 171 0.35461191746367415
297 87 26 278 278 0.7954132408008963
298 167 23 184 184 0.732045678440379
299 88 83 141 141 0.4802931175052252
300 247 135 180 180 0.4871598602337426
301 40 40 213 213 0.8644955919054058
302 75 37 200 200 0.4435362935202607
303 97 181 222 222 0.24690561398134525
304 112 49 143 143 1.1263987179230823
305 166 0 213 213 0.18243126313229263
306 155 125 134 134 0.16868996011955817
307 52 85 210 210 0.6448386138699864
308 31 20 165 165 0.3413470522785429
309 76 16 128 128 0.48840198134076473
310 78 4 147 147 0.35333430691208445
311 74 31 77 77 0.4069964374855204
312 5 5 167 167 0.23020409320888202
313 4 78 147 147 0.37014295568437516
314 110 178 136 136 0.34999550055952344
315 142 98 197 197 0.4335594255939892
316 72 180 115 115 0.22523664805463284
317 54 46 248 248 0.40463447177695233
318 40 26 215 215 0.578058024346948
319 128 108 128 128 0.3498629209278259
320 182 50 161 161 0.5471987359592068
321 166 20 130 130 0.29189383163513405
322 68 16 128 128 0.3174476357313887
323 43 5 173 173 0.4376100880079412
324 71 84 135 135 0.37426151455328216
325 77 5 176 176 0.16862403364834644
326 90 47 152 152 0.17147125386516993
327 127 30 163 163 0.17164587640740292
328 77 241 138 138 0.3239936463172097
329 71 29 95 95 0.17908960374898952
330 78 78 148 148 0.6528772429496166
331 31 90 170 170 0.6216176122062604
332 90 139 120 120 0.14990895988712927
333 0 188 125 125 0.28361070419522605
334 220 11 190 190 0.1891622274418856
335 147 16 105 105 0.45245447818329065
336 12 176 202 202 0.4620150991553771
337 4 50 134 134 0.614568589960335
338 210 14 225 225 0.4524527734121637
339 142 190 138 138 0.92708467707291
340 75 172 172 172 0.3123763518356373
341 71 10 162 162 0.37699148612669964
342 4 186 145 145 1.022369819665844
343 67 61 197 197 0.32834912854593923
344 91 3 117 117 0.221246835208891
345 72 24 193 193 0.10977544796534189
346 58 14 234 234 0.6136351550772545
347 61 42 196 196 0.13905514706374622
348 127 5 170 170 0.35672909734237157
349 87 191 111 111 0.35595715179676435
350 65 65 174 174 0.6127637226685483
351 83 144 177 177 0.1755416660284863
352 38 186 138 138 0.5512700237175172
353 116 21 138 138 0.5950602712096553
354 101 305 135 135 0.7647350508422803
355 88 124 166 166 0.31665552601644165
356 174 161 139 139 0.45137276519544756
357 302 42 136 136 0.35015862861179525
358 32 77 207 207 0.2580854924359519
359 145 85 119 119 0.19947242524129205
360 101 55 135 135 0.7487370269354534
361 154 38 137 137 0.3933294823722471
362 145 26 166 166 0.6542462128593372
363 195 65 130 130 0.44596724426726864
364 73 190 168 168 0.2529909635683003
365 37 142 197 197 0.10052903924285017
366 43 210 140 140 0.19239338851783017
367 0 165 155 155 0.6220386285473916
368 46 13 213 213 0.8212390928014657
369 83 154 103 103 0.23324925214943493
370 143 230 199 199 0.20216328697599217
371 13 40 213 213 1.055361373605948
372 5 192 170 170 0.12956729895442676
373 92 16 128 128 0.7933565896205281
374 33 93 213 213 0.5462454253833742
375 94 0 231 231 0.18956948350994662
376 190 36 168 168 0.9218567407826157
377 77 63 225 225 0.3249197332910332
378 230 213 113 113 0.10387422208097208
379 62 0 181 181 0.5127821143832303
380 129 225 180 180 0.39336712504735627
381 80 121 258 258 0.14584796386942522
382 134 143 143 143 0.7262944214520863
383 114 254 159 159 0.18810744679683777
384 33 53 215 215 0.12817766154058385
385 269 10 169 169 0.6852021701776001
386 39 171 211 211 0.2718182214820901
387 210 142 126 126 0.6906586144917406
388 104 6 197 197 1.6123903075436523
389 155 38 155 155 0.5177040721930641
390 80 12 197 197 0.1589359683323175
391 127 77 226 226 0.5802882102658655
392 80 118 135 135 0.527519549357395
393 26 231 119 119 0.3541111183525443
394 51 150 166 166 0.14463045604122926
395 87 31 200 200 0.712549405410716
396 44 7 235 235 0.28604322006058425
397 53 128 171 171 0.16603155093448208
398 0 49 143 143 0.5997368832604137
399 5 159 189 189 0.1387183537557335
400 50 28 230 230 1.270594856649248
401 13 226 213 213 0.2370664035582064
402 156 72 192 192 0.1569189322378164
403 87 150 134 134 0.801211375998518
404 190 28 184 184 0.6274217223781615
405 180 0 169 169 0.5611880921701187
406 74 17 141 141 0.17068826486002053
407 126 262 135 135 0.12238047667907259
408 196 0 196 196 0.8100089516520779
409 34 68 217 217 0.23949611108494073
410 150 51 150 150 0.33604026944358156
411 98 17 186 186 0.22852309289092831
412 58 94 233 233 0.11033087677302378
413 200 168 128 128 0.33585498790188373
414 179 17 136 136 0.3310953738325968
415 40 20 163 163 0.7888162871363065
416 52 47 152 152 0.20370176105256488
417 64 0 258 258 0.2529892906415834
418 157 145 194 194 0.49416215920871776
419 24 6 193 193 1.2349166443568587
420 218 187 142 142 0.5978044450833044
421 60 20 215 215 0.3016412005965392
422 42 15 124 124 0.6700785136296532
423 34 83 222 222 1.1812526459208446
424 64 40 258 258 0.36225497587826183
425 100 13 145 145 1.0317557333019018
426 213 153 175 175 0.22922748942556326
427 71 0 134 134 0.19935748364485129
428 58 64 187 187 0.796787772081873
429 119 26 212 212 0.7502230964027046
430 35 100 230 230 0.465144387860309
431 41 16 262 262 0.24085274847928329
432 33 4 132 132 0.3400776339815079
433 94 22 103 103 0.10182979156051619
434 128 171 152 152 0.36244989900631497
435 72 4 135 135 0.20647972659183456
436 186 29 238 238 0.21135934762979147
437 94 0 201 201 0.15477566225902306
438 106 120 113 113 0.10396672768253334
439 26 33 211 211 0.5846234124570855
440 40 128 186 186 0.37905295417047635
441 23 71 252 252 0.18244106206682265
442 90 10 170 170 0.1147767721655526
443 0 188 128 128 0.18825201574992034
444 175 224 155 155 0.6497895662878985
445 100 22 178 178 0.31964150866952634
446 57 44 202 202 0.6910447727106308
447 17 93 111 111 0.16615387857764352
