1 83 69 148 227 1.3111037037824458
2 158 0 99 152 0.40686311868034
3 143 33 117 180 0.45250018193053787
4 71 53 191 293 0.8489636428576994
5 167 13 148 227 0.7009491004676036
6 95 47 170 260 0.7143734228498979
7 107 0 163 250 1.003033534366248
8 149 44 159 244 0.5201166386766993
9 13 121 144 220 0.4962806682013028
10 75 15 160 245 0.3191626697299781
11 59 19 210 323 1.341346236094076
12 70 28 150 230 0.466389649188077
13 43 0 115 176 0.2643687751561008
14 117 208 139 212 0.5344629539908974
15 65 114 174 267 0.2051751872146057
16 117 73 157 240 0.8683301706690751
17 13 0 144 221 0.3436811771017163
17 162 27 144 221 0.6704660267449056
18 88 0 134 206 0.5614761086573719
19 100 210 107 163 0.25331008445455616
20 72 54 192 295 0.48438948782764624
21 148 86 132 202 0.23683668878584196
21 0 161 132 202 1.3332564383884908
22 85 138 113 173 1.1090379638128058
23 144 48 128 197 0.21892907962896757
24 204 240 128 196 0.5546615177118865
25 0 17 183 281 0.8594065656203997
26 163 0 124 191 0.25256236401338605
27 114 12 136 208 0.3356629174618011
28 141 217 136 209 0.5694190919759414
29 98 21 116 178 1.0201869630254623
30 52 230 111 170 0.35932997025533675
30 136 20 111 170 0.841438281562974
31 263 0 165 252 1.049656867802291
32 161 0 156 239 0.9634157790728328
33 89 33 119 182 0.6488402368230215
34 63 31 169 260 0.41873498082853966
35 165 60 160 245 0.30914897967393995
36 120 0 107 163 1.5239120636900352
37 36 27 96 147 0.7911363291584625
38 237 41 148 227 0.7979861965201964
39 63 10 112 172 1.520170794783795
40 81 13 145 222 0.5673706398910761
41 231 183 103 157 0.3085093696104342
41 96 19 103 157 0.3923473675796656
42 57 19 203 312 0.5314252991779695
43 155 22 118 181 1.2829509522427882
44 72 0 155 237 0.9037441344218999
45 69 115 122 188 0.551967397524816
46 73 88 157 240 0.61207516877124
47 141 10 108 165 0.7896928691467613
48 95 136 145 222 0.23549747271850485
49 18 37 199 305 0.3039757268585086
50 24 111 132 202 0.3215605774627317
51 40 60 214 328 1.322360239577264
52 51 51 183 281 1.5290153016889314
53 143 39 139 213 0.949056203976594
54 36 36 195 299 0.71366807031358
55 94 15 168 257 0.2327291969906191
56 38 58 207 317 1.7471161469593608
57 102 0 137 210 0.6910627336084483
58 156 52 111 170 0.9345336708705889
59 50 33 179 275 0.4072300070131649
60 96 156 128 197 1.0301617842530937
61 200 27 97 148 0.2641010855000663
62 262 0 127 195 0.5635902529544952
63 195 146 130 199 0.21785503926523164
63 48 109 130 199 1.0986111368959688
64 108 24 88 135 0.40303665481934514
65 69 51 184 283 0.22641300005798937
66 54 109 195 299 0.38882668198493
67 86 0 115 176 0.2652369172545985
68 36 36 195 299 0.8759601005403224
69 59 19 212 325 1.5701578154384292
70 69 9 105 161 0.3617418568676425
71 169 42 112 172 0.28592700382144565
72 25 150 133 205 0.4244202849806764
72 263 0 133 205 0.6988331308407649
73 0 174 155 237 0.43887459558969355
73 247 174 155 237 0.984237852544029
74 119 64 97 149 1.1592676966915794
75 180 202 113 173 0.27842874111871074
75 95 10 113 173 1.0260849552580544
76 75 37 133 204 0.408924829846983
77 56 56 201 308 1.3795034881366237
78 34 205 121 186 0.21760089860250575
78 171 11 121 186 0.2315244282589355
79 202 8 93 143 0.7373354616164174
80 235 218 93 142 0.22845279055092482
80 34 148 93 142 0.404544173481447
80 235 26 93 142 0.9547171880700218
81 58 0 207 318 1.2344408019614352
82 54 54 195 299 0.8551344144471091
83 56 18 201 309 0.6924849894122325
84 83 0 222 341 1.2241856236654383
85 85 0 228 349 0.6373605724328075
86 58 19 208 319 0.38562286562122505
87 219 15 167 256 0.9166469556471637
88 113 0 134 205 0.5709824374183876
89 38 0 203 312 0.5987281793772095
90 39 39 209 321 1.3031959410886738
91 120 0 106 163 0.5784282663931295
92 63 63 224 343 0.633475358016216
93 59 208 105 162 1.282436106869286
94 119 65 115 177 0.2604381750253484
94 292 130 115 177 0.2905699775096515
95 197 0 123 189 0.8492631374054018
96 79 111 170 260 0.8940544760576379
97 41 27 148 227 1.977844305801554
98 179 35 127 195 0.23860162012980335
99 92 26 140 215 0.3155982916433544
100 299 99 133 204 0.2655871123836484
101 142 0 152 232 0.5036044562310749
102 113 17 93 142 0.6660294916278242
103 50 126 135 207 0.43073088858050523
104 75 0 161 247 0.42273906203997513
105 13 203 144 221 0.22375548877915263
106 217 0 136 208 0.24412773735205717
107 144 13 140 215 0.9013474287444221
108 43 43 153 235 0.5701464944236583
109 38 277 102 156 0.3371262211529755
109 105 0 102 156 0.7210401998464566
109 229 201 102 156 1.0588898977586134
110 148 148 158 242 0.2108225010396989
111 109 0 97 149 0.7957555903468623
112 218 72 155 237 1.820974683945272
113 30 15 164 251 1.39124178216071
114 160 22 121 186 0.9436615344954018
115 57 57 204 313 1.2128920185964804
116 183 10 108 166 1.4168689720398562
117 218 62 166 255 1.0580981141157912
118 138 151 134 205 0.32024257073089246
119 125 69 148 227 0.7051696943649794
120 33 11 119 182 0.2005199202998722
121 88 33 117 180 0.6580259208730763
122 82 61 219 336 0.7717869145701779
123 56 0 199 305 0.3288730973233096
124 180 236 120 183 0.3390950644835371
125 180 0 137 210 0.2760439731482782
126 75 0 200 307 1.1245486357335954
127 62 20 221 339 0.5612278353080691
128 46 46 246 377 1.2722333716004206
129 76 38 205 314 0.8916732461892618
130 53 17 191 293 0.9902780457569933
131 0 183 108 166 0.20278457161019503
131 132 20 108 166 0.3118796703254012
132 30 0 107 165 0.4443456869329028
133 60 20 214 329 0.7824265075645349
134 55 37 198 304 1.1001696032051584
135 260 26 95 146 0.5907577696086057
135 71 80 95 146 0.9172807070329658
136 54 0 116 178 0.22303854576878068
137 82 27 146 223 0.5486348930634461
138 135 58 206 316 1.6132923825885452
139 177 133 118 181 0.6503223905332347
140 101 174 154 237 0.819225126346621
141 72 36 193 297 0.48118677033841095
142 54 18 193 296 1.6017033584730624
143 113 68 121 186 0.4233200853782253
144 143 95 102 156 0.2406163158787975
145 59 39 210 323 1.0543732907272934
146 184 250 116 177 0.2538074578437186
146 184 10 116 177 0.7145581747042091
147 102 0 108 166 0.9541327811746041
148 70 0 150 230 0.24994054111167863
149 78 0 140 215 0.6883390322916738
150 60 133 129 197 0.5771068208362418
151 198 148 132 202 0.5495893685771183
152 50 50 178 273 1.655890230201695
153 156 39 138 212 0.5880616285238998
154 197 8 87 134 0.8777435818635362
155 108 77 164 252 0.20720344651327682
156 108 32 115 176 0.36204974091231223
157 79 19 212 326 1.3150829840248677
158 124 62 132 203 0.6356968250318134
159 243 56 100 153 0.24442998751865308
160 59 14 159 243 0.40698642990616096
161 103 0 137 210 0.6962699655009712
162 168 63 75 115 1.4978627299000595
163 59 19 212 326 1.3130668921549504
164 202 9 98 150 0.4020268600039989
164 27 184 98 150 0.6202496250110752
165 105 252 112 171 0.37512330045155995
165 10 21 112 171 0.9165120775354572
166 53 39 141 217 0.7786886840387734
167 71 71 190 292 1.7586731012418109
168 60 0 216 332 0.6429400749113405
169 44 22 235 360 0.6506920666785243
170 177 76 135 207 0.3167875735076291
171 55 0 98 151 0.3692048293018029
171 18 213 98 151 0.519691560929346
172 116 249 95 145 0.27076487909963776
173 61 40 218 334 1.6501581472266014
174 72 36 192 294 0.3561074536687441
175 80 13 143 219 1.3599741178062348
176 279 59 106 162 0.2264318474701812
176 59 59 106 162 0.23148107404828555
177 59 128 105 160 0.5206444035918154
178 33 0 178 273 0.6382344751074016
179 85 12 130 200 0.7466843578710445
180 39 19 208 319 0.5839166742782864
181 108 24 128 197 0.49274814593503624
182 140 0 187 286 0.2587041831255359
183 121 24 129 197 0.24256944663422653
184 87 29 103 158 0.935326498677012
185 89 44 158 242 0.74350531026862
186 47 94 126 193 0.24921230162068997
187 131 43 155 237 1.181079148279816
188 61 0 220 337 1.1021266957662803
189 83 0 127 195 0.3583154398245809
190 56 71 151 232 0.2849338703708524
191 68 122 145 222 0.22756465839636952
192 98 85 130 200 0.22643546178637264
193 200 100 133 204 1.0224721992056058
194 113 11 121 186 0.6422895814918994
195 111 33 119 182 1.1922315584273355
196 142 0 108 166 1.0578255236220695
197 54 18 195 299 1.0068520351065806
198 81 0 144 221 1.048358133935701
199 91 13 139 212 0.7077698275394542
200 52 156 111 170 0.22534903254958216
201 43 187 153 235 0.30532059296147396
202 95 59 127 195 0.7443270895973231
203 118 64 115 176 0.24169306529924817
204 78 26 139 212 0.7977485770156809
205 183 0 139 214 0.44796509008236685
206 165 132 117 180 0.3797583249670953
207 84 42 226 347 0.5250603405488206
208 83 27 149 228 0.8152709465170287
208 237 13 149 228 1.0258147483641826
209 83 20 111 170 0.34318251861013227
210 21 42 113 174 0.7947851237044898
210 277 10 113 174 0.8520665229146775
211 113 72 109 168 0.21558421093226476
212 99 132 177 271 0.3754657106039334
213 111 55 148 227 0.9757566729998497
214 135 36 131 201 0.830516289683183
215 101 63 135 207 0.26065068898708366
215 253 25 135 207 0.8826079458664933
216 93 23 124 190 1.2420585566290154
217 80 30 107 164 0.8275158516138501
218 194 0 147 226 0.5740720271201591
219 69 19 105 161 0.8001366034445119
220 56 74 199 305 0.9233377056570347
221 36 36 192 295 1.0425122781519818
222 27 167 149 228 1.0182964411362376
223 68 19 104 159 0.9454236765243675
224 74 181 113 174 0.8112711133537371
225 60 135 160 245 0.3179428694550104
226 137 63 113 173 0.28280038827267995
227 64 129 115 176 1.1691376966993694
228 34 34 185 284 1.307701200665004
229 158 22 120 184 0.7257439353512996
230 203 215 127 195 0.2965714500454495
230 119 0 127 195 0.3498315924822255
231 98 35 95 145 0.41251360465650144
231 294 44 95 145 0.4847307424874989
232 76 38 204 313 1.7124303096872056
233 58 19 208 319 0.9683046470810566
234 56 37 199 306 0.7794969612137055
235 183 305 65 99 0.4118002899790163
236 50 16 179 275 0.6354803555093884
237 163 10 109 167 1.5456174420633686
238 102 29 156 240 0.7466372753178598
239 111 13 149 228 0.7853244284255596
240 114 24 87 134 1.0871810788740324
241 114 57 152 233 0.3616678922908898
242 110 0 118 181 0.3072247917397988
243 171 24 130 200 0.6641982315531005
244 96 96 146 225 0.21215035939653015
245 70 141 151 231 0.5084955793434047
246 34 69 186 285 0.36321227486013585
247 152 0 147 225 1.2362637850322278
248 155 204 103 158 0.35077696271661973
249 142 31 168 257 0.5997703064474105
250 157 28 76 116 0.2623787516068705
250 42 207 76 116 0.42709344997816245
250 135 150 76 116 0.788949454560719
251 104 44 159 244 0.4213031036193995
252 187 44 117 180 0.33467552888876884
253 61 20 220 337 1.592481922774701
254 260 22 120 185 1.1736903323727383
255 210 0 112 172 0.28573998583603255
256 222 156 139 213 0.366088974029551
256 65 52 139 213 0.5934878213722863
257 197 78 70 107 0.2750387403041046
258 132 0 156 240 0.7248144615018246
259 176 220 117 180 0.6423928419509868
260 73 12 130 200 0.7729164903807364
261 192 21 113 174 0.36493230953909905
262 98 0 105 161 0.5060674624862351
263 117 0 89 136 0.8925573448894375
264 66 0 141 217 0.9651355357620988
265 110 0 131 200 0.28639706143089394
266 156 114 152 232 1.0384302195024513
267 279 155 110 169 0.3953367325229702
268 131 215 127 195 0.281677468028261
269 125 104 111 171 0.9570050526470131
270 136 38 103 159 0.2705485376683523
270 292 68 103 159 0.6251855983734411
271 72 36 192 295 0.6896607771261758
272 40 175 143 220 0.9293724146380069
273 0 117 138 212 0.5188996382828699
274 66 66 117 180 0.7158743415557898
275 52 0 188 288 0.8357263823298697
276 71 0 190 292 0.6596157533946365
277 14 154 150 230 0.614275743810702
278 222 42 112 172 0.8531072528129342
279 11 117 125 191 0.2674219841395855
279 305 46 125 191 1.3677593479849208
280 18 108 192 294 1.0981567680244262
281 29 132 156 240 0.33940378476997424
282 55 37 198 304 1.2665532397923456
283 78 13 140 215 1.0060497876278864
284 133 124 88 135 0.5397923538494505
285 104 14 159 243 0.9519651308465842
286 38 58 207 318 0.36540139140107697
287 198 189 92 140 0.4861650738216192
287 189 0 92 140 0.7287868508423352
288 60 40 213 327 1.804834384039499
289 69 257 105 161 0.3101975004138684
290 45 0 160 246 0.289337259060068
291 54 128 195 299 1.3601959067368479
292 84 63 224 344 1.1781711534054815
293 156 84 128 197 0.6913484494850919
294 96 12 128 197 0.4344898423652843
295 101 114 135 207 0.3131969022654617
296 80 134 143 220 0.4523135324510936
297 119 17 181 278 1.215712016977542
298 95 172 101 156 0.3313534021062916
298 28 0 101 156 0.6426739433679947
299 116 84 112 172 0.6408450719439909
300 242 121 117 180 1.0071815389919387
301 54 36 195 299 1.1062845757508355
302 94 0 168 257 0.6621122192872972
303 0 44 119 182 0.3564808964163495
303 156 11 119 182 0.52382298139712
304 55 69 147 225 0.5236022336992323
305 183 52 139 213 1.1641434487968563
306 170 200 107 163 0.36004000384278223
307 72 54 192 295 0.9294776709277444
308 198 0 132 202 0.7261494462371174
309 83 0 98 151 1.3775027397541204
310 88 77 117 180 0.4512950605784103
311 70 25 68 105 0.8332784622542926
312 41 0 109 167 0.2786021846282123
312 318 41 109 167 0.8080540753998244
313 128 21 113 174 0.5601399084249086
314 104 157 139 214 0.21847284333602968
315 155 77 166 254 1.4415079812941252
316 223 52 139 214 0.47981134391083735
317 63 42 227 348 1.5604138742313118
318 36 73 196 301 1.2532087873690263
319 148 92 98 151 0.7995077912767954
320 36 12 129 197 1.0349267337649382
321 53 13 141 216 0.2230795984803069
322 68 0 121 186 0.24257938435425275
323 54 0 146 223 0.7607348214668175
324 90 70 107 165 0.6965273387111717
325 277 13 141 216 0.32149903393309875
326 87 0 156 239 0.5687479591055742
327 146 12 130 199 0.4098791493940832
327 0 0 130 199 0.4819125323718716
328 74 74 198 304 0.4851779468110333
329 89 29 79 122 0.7934124763530517
330 85 28 152 233 0.8508167425768396
331 53 187 143 219 0.36144924478996443
332 321 70 107 164 1.08872559378967
333 0 51 136 208 0.7491567183502439
334 233 11 124 190 0.3336892649622354
335 273 106 81 124 0.5195168670076415
335 159 7 81 124 1.353736946656277
336 175 95 169 260 0.21337071698521326
337 311 90 107 163 0.26367145286353666
337 180 40 107 163 0.2799268743916694
338 261 13 146 225 1.7073030534535554
339 93 20 110 168 1.542779269891053
340 91 137 162 248 0.3276949682954622
341 76 0 136 209 0.8930865674227326
342 11 194 122 187 1.0998798692351959
343 77 46 165 253 1.2162307149160991
344 104 52 111 170 0.40700455817033454
345 91 30 162 249 0.33885734276779456
346 40 20 214 328 1.076737242352594
347 67 0 179 275 0.20375347334576577
348 75 0 200 307 0.40140347992772285
349 79 205 121 186 1.1287180675010728
350 57 19 205 314 0.2329396825979113
351 108 0 116 177 0.5784953040430199
352 146 133 142 217 0.4615614116015436
353 110 24 130 200 0.8171092922747842
354 191 191 88 135 0.35187114007730735
354 66 124 88 135 0.3857824327761974
355 223 40 108 166 0.6306978972671238
355 91 111 108 166 0.7330900215028868
356 247 25 91 139 0.6167506455607952
357 295 40 108 166 0.7388760506039809
358 53 17 190 291 1.1990156487001218
359 76 0 203 311 0.2766616558366606
360 91 0 139 213 0.49284547891689856
361 149 34 122 187 0.8481027618520325
362 157 26 139 214 1.2142796951922312
363 200 50 133 205 0.37441518114173733
364 74 74 198 304 0.4079056674507302
365 12 133 129 197 0.3189291220050561
366 77 197 91 140 0.6767415946977207
367 11 139 124 190 0.3197171168692057
368 36 73 195 299 1.0763245962913435
369 49 16 175 268 0.23421761952517772
370 93 62 110 168 0.5566738704376735
370 217 237 110 168 0.5938655077413522
371 18 0 195 299 0.5796848141593913
372 52 83 111 170 0.6068561259026084
373 148 113 121 186 0.8578138958579751
374 54 73 195 299 1.3356262228662392
375 127 0 151 231 1.043813757549224
376 199 26 141 217 0.812553245324068
377 77 38 206 316 0.5710815103912714
378 161 9 101 155 0.28405923167681446
379 71 0 152 233 1.4849358439919862
380 142 198 151 232 0.5777392143391116
381 88 0 236 362 1.37748644085115
382 110 138 147 225 1.317484655412993
383 234 185 104 159 0.3325467460681384
384 65 65 140 215 0.44239961200457145
385 48 48 173 265 0.24047361831857872
385 244 0 173 265 0.5702408754400641
386 51 181 138 211 0.5660458219309055
387 303 11 119 183 0.2859748168053444
387 145 0 119 183 0.555855951040165
388 108 0 165 253 0.8543622288706398
389 163 23 124 190 1.032937770721127
390 86 0 231 355 0.2000876267837257
391 194 69 147 226 0.38591028382077086
392 18 36 195 299 0.37148861300345537
393 42 222 112 172 0.551675853295118
394 99 161 132 203 0.7006582678906539
395 110 15 168 257 0.6775250142110467
396 40 20 214 329 0.9808398378845218
397 64 115 137 210 0.5339475085327572
398 0 20 110 169 0.4740258397505217
398 134 269 110 169 0.625957417563483
399 28 127 151 231 0.24469680414212713
400 39 59 210 323 1.0274196397403248
401 54 36 195 299 0.7899709433179072
402 181 45 161 247 0.2431008137074635
403 110 110 107 163 0.8393692122603951
404 110 27 98 150 0.7729045893462119
405 200 0 142 217 1.469903996726138
406 115 172 153 235 0.26196961122928286
407 239 9 101 156 0.649693170676763
408 252 12 128 196 1.4641203757588954
409 51 51 182 280 0.9612708592931969
410 0 0 120 184 0.4074051601127746
410 180 22 120 184 1.0643587605645175
411 0 190 156 239 1.2464654075307893
412 128 114 152 233 0.3809554857551265
413 160 175 155 238 0.6028656217427941
414 171 13 140 215 0.34487551599183
415 64 0 137 210 0.7758371763527192
416 72 36 128 196 1.2099638991841473
417 94 15 168 258 1.6342365017863965
418 83 0 126 194 0.7054975580574516
419 33 49 176 271 0.637856660422897
420 138 0 134 206 0.3360201623808712
421 144 144 140 215 0.5755689474133248
422 51 0 110 169 0.723488349197063
423 57 76 203 312 1.2681686733722293
424 44 0 236 362 0.7088021441126271
425 240 76 116 178 0.3594642300238884
425 120 10 116 178 1.0737568862440567
426 52 105 140 214 0.4562914640454321
427 83 0 126 193 0.22886554799170877
428 73 14 157 240 0.310163813908515
429 142 25 138 212 1.1845397943123346
430 39 19 210 322 1.2537492202896554
431 45 22 240 368 1.018136893720388
432 152 11 125 191 0.29145035577184153
433 90 225 80 122 0.440034576543181
433 97 15 80 122 1.300750113371826
434 11 33 117 180 0.7214583891604964
435 158 166 88 135 0.350633549352932
436 233 29 155 238 1.1496211193086694
437 110 0 168 258 0.43815165800198885
438 90 64 137 210 0.2862086657939784
439 54 18 193 296 0.7354230405172641
440 47 63 170 261 0.21952420509244086
441 43 0 231 354 0.8773323837086866
442 115 12 136 208 1.0296122996733694
443 133 86 83 128 0.5642444979433656
444 140 0 124 190 1.3714894404629514
445 98 14 149 229 0.7113076626959933
446 79 47 170 260 1.3000108210251913
447 111 27 99 151 0.648425560389196
