1 53 66 212 212 0.3771625081961858
1 53 39 212 212 0.1143621423880763
2 151 0 134 134 0.2676821165674532
3 157 239 132 132 0.99173786695872
3 140 33 132 132 0.1541026362811142
3 132 33 132 132 0.11448878347910219
4 61 12 195 195 1.0267014980589022
4 36 0 195 195 0.20961243604632962
5 175 39 127 127 0.42094258945425644
5 167 7 127 127 0.1017736529833626
6 30 30 243 243 0.17471977032489017
6 60 60 243 243 0.10892308460731459
7 113 87 140 140 0.2596551247109453
7 105 87 140 140 0.1383430581537104
8 138 224 171 171 0.44064772609697656
8 138 203 171 171 0.10479506680475792
9 119 29 158 158 0.28088336780076517
9 0 188 158 158 0.15299574620086065
9 109 29 158 158 0.14117298409964008
10 86 25 137 137 0.6984531625879511
10 94 17 137 137 0.27468731754728104
10 180 197 137 137 0.15548368813356594
11 53 26 215 215 0.242668719239294
11 40 26 215 215 0.1585027599015314
12 40 0 214 214 0.15035603766410333
13 39 0 126 126 0.523062754830127
13 23 0 126 126 0.1862779954938354
14 119 201 119 119 0.14214948495329716
15 196 46 150 150 0.5128311713430063
15 84 196 150 150 0.11018857892074019
15 196 37 150 150 0.10345718032944506
16 56 14 224 224 0.3046558793207892
16 42 14 224 224 0.10773564357509313
17 0 12 206 206 0.9151293998754386
17 12 0 206 206 0.5591934291421086
18 111 279 148 148 0.32492843939115534
18 102 260 148 148 0.10832925271826443
19 169 162 118 118 0.13273854328813917
20 119 193 147 147 0.2848746272279312
20 110 193 147 147 0.1927050070680134
21 0 164 146 146 0.5786511251838884
21 0 155 146 146 0.373542912816899
22 306 252 109 109 0.6381661171070281
22 252 54 109 109 0.32935068427973846
22 163 6 109 109 0.1577267580946886
23 168 26 142 142 0.15011893554023126
24 165 221 177 177 0.1846903389849146
24 165 232 177 177 0.13931331488832122
25 35 23 187 187 0.64392583929728
25 23 0 187 187 0.2180780917325178
26 86 179 114 114 0.4856070715724323
26 179 35 114 114 0.2031583920388611
26 172 35 114 114 0.19340668624213642
26 322 114 114 114 0.143795825471986
26 222 172 114 114 0.1245766499549521
27 0 246 187 187 0.1409497501165906
27 0 234 187 187 0.10088826854809696
28 197 9 150 150 0.23054715926183467
29 70 0 161 161 0.5974751813678081
29 60 0 161 161 0.12095920054653941
30 112 28 150 150 0.1149184445927185
31 254 0 177 177 0.21444701884834494
31 254 11 177 177 0.2085773671561182
32 157 10 167 167 0.1697453724805298
32 146 10 167 167 0.11198428246310677
33 47 315 109 109 0.5647447163707031
33 0 89 109 109 0.18387356842314362
33 109 27 109 109 0.15646370535636622
33 185 150 109 109 0.14323012723118933
33 116 20 109 109 0.12524750348590796
34 54 54 173 173 0.2280331800410591
34 43 54 173 173 0.16825535202224184
35 193 0 172 172 0.42184730288272076
35 204 0 172 172 0.3629679182857548
36 118 7 118 118 0.11019401490479397
37 111 132 162 162 0.6966716629282699
37 101 121 162 162 0.39730978950281615
38 212 26 212 212 0.15790377239389963
38 212 0 212 212 0.114772454310069
39 50 0 161 161 0.6037573584911895
39 40 0 161 161 0.49755112132772683
40 52 0 208 208 0.5802433932947313
40 13 0 208 208 0.23727604834085025
41 78 130 138 138 0.25967058778373486
41 69 121 138 138 0.14973264688667176
41 190 277 138 138 0.4569657019734126
41 173 268 138 138 0.10836236350592143
42 65 39 208 208 0.10985548477855689
42 52 39 208 208 0.1022714510294227
43 108 0 217 217 0.10334407520320887
44 91 0 133 133 0.304997916209627
44 91 49 133 133 0.14843932709474328
44 41 308 133 133 0.1081509271217791
45 93 194 135 135 0.9970567886457347
45 93 186 135 135 0.279326958264269
46 73 94 168 168 0.16874864142232227
46 73 84 168 168 0.16277882268617327
46 157 263 168 168 0.11476511012001067
47 136 37 121 121 0.3290139136734411
47 136 22 121 121 0.13580198168005575
48 101 147 124 124 0.4754445727600616
48 0 23 124 124 0.11118473307664667
49 83 76 122 122 0.23431721894954505
49 83 83 122 122 0.10612018512448262
50 97 0 141 141 0.370487050489104
50 88 0 141 141 0.19345483205745517
51 54 54 218 218 0.7024570029026136
51 68 27 218 218 0.29960170639211947
52 58 70 187 187 0.3300128007271419
52 70 58 187 187 0.1292890118028538
53 112 37 199 199 0.6455531391541409
53 112 12 199 199 0.1406351878645722
54 112 56 149 149 0.41246178369257636
54 112 37 149 149 0.13166809648750988
55 99 207 144 144 1.2201556181080035
55 90 180 144 144 0.18949994539206116
56 52 0 211 211 0.6489356534479884
56 39 0 211 211 0.3989844576160899
56 52 211 211 211 0.2072405689851542
56 66 211 211 211 0.17928160918292724
57 124 0 117 117 0.6247971576903844
57 73 249 117 117 0.2958270620775316
57 117 0 117 117 0.18552001544395536
58 180 334 107 107 0.551967741871396
58 160 120 107 107 0.11175327429453574
58 227 194 107 107 0.10654445026328752
59 34 206 183 183 0.41604104297047284
59 45 194 183 183 0.21731433968026748
60 94 215 138 138 0.611502181149481
60 86 207 138 138 0.1340777030039879
61 247 260 96 96 0.3931805350536921
61 157 181 96 96 0.11956128588433002
62 109 40 109 109 0.24896641872006087
62 95 47 109 109 0.18308310648183568
62 273 88 109 109 0.7834058169026772
62 273 68 109 109 0.10302405896498357
63 143 287 143 143 0.1929572978751941
63 53 125 143 143 0.14463037858778627
63 44 125 143 143 0.13656842889377163
64 193 80 99 99 0.5858796076386734
64 93 43 99 99 0.21025748380597653
64 99 43 99 99 0.16403946543115389
65 49 290 113 113 0.13003846930385565
65 42 297 113 113 0.12597060060357324
66 140 65 149 149 0.2377876086187034
66 74 252 149 149 0.20526307806264565
66 130 74 149 149 0.18845249017799648
67 182 55 126 126 0.37751592763140973
67 182 63 126 126 0.2638415548987698
67 110 229 126 126 0.15575432916258336
67 110 221 126 126 0.11077081147686885
68 37 211 199 199 0.4924931132847372
68 49 12 199 199 0.4729898232999714
68 37 0 199 199 0.3061238920813141
68 24 211 199 199 0.22524003369199974
69 27 13 216 216 0.5327112505151597
69 13 13 216 216 0.23602256907356822
70 94 320 116 116 1.1877333355919348
70 94 305 116 116 0.20851707885590365
71 71 194 103 103 0.13696861500444446
71 71 174 103 103 0.10146421407065942
72 249 0 147 147 0.16194157736006365
72 249 9 147 147 0.1081595854938886
73 0 0 171 171 0.745425559399002
73 235 192 171 171 0.8946871188139232
73 10 0 171 171 0.4083597119164153
74 123 287 131 131 0.14721167163162097
75 78 0 156 156 0.5341812403289903
75 58 0 156 156 0.2943669365291057
76 114 164 114 114 0.2274173109643165
76 92 7 114 114 0.18440836559982765
76 92 14 114 114 0.17299416161000636
77 51 0 205 205 0.6557817364074556
77 38 0 205 205 0.25746667731343265
78 30 30 164 164 0.7351312543471114
78 20 30 164 164 0.49700575608287334
79 19 97 103 103 0.14974868223197957
80 104 220 92 92 0.2149149780117714
80 231 75 92 92 0.10060477228291553
81 66 26 212 212 0.6477396640279165
81 53 0 212 212 0.14565804569178753
82 74 252 149 149 0.9669824587240368
82 74 205 149 149 0.14105963796969356
83 77 38 206 206 0.5298721255519285
83 51 0 206 206 0.1733707066427952
84 85 28 227 227 0.29972513843744863
84 85 14 227 227 0.18129876845997317
85 87 14 233 233 0.5756137088552511
85 58 0 233 233 0.16268824100260693
86 66 13 212 212 0.578467436940064
86 66 0 212 212 0.3994300347916455
87 179 0 239 239 0.15290468353969544
87 149 0 239 239 0.143360825482427
88 92 37 148 148 0.34266808716655595
88 92 18 148 148 0.1709231790472452
89 26 26 208 208 0.8493814414174503
89 13 0 208 208 0.27265289167096807
90 40 13 214 214 0.6800144159495862
90 26 0 214 214 0.25710317799889637
91 99 0 144 144 0.29561628466815804
91 90 0 144 144 0.12447175255130105
92 85 0 228 228 0.25658461912000985
92 71 0 228 228 0.19764010108587682
93 9 155 146 146 0.40014905302404724
93 0 146 146 146 0.15555162403829437
94 279 159 127 127 0.5888951618480738
94 287 143 127 127 0.29146673741890017
95 255 153 136 136 0.5880373853212839
95 196 17 136 136 0.2372760559995779
95 187 17 136 136 0.1949140139777754
95 25 25 136 136 0.15331163221696809
96 102 114 182 182 0.46227480829432954
96 102 91 182 182 0.10022289346519409
97 13 39 212 212 0.3951127477762253
97 13 53 212 212 0.3366380531699784
98 170 34 182 182 0.1382033258964075
99 75 25 200 200 0.15256949808078013
99 62 25 200 200 0.11847849467545912
100 18 224 149 149 0.4914105425088977
100 280 102 149 149 0.31332312055912137
100 280 84 149 149 0.2000538372815297
101 163 73 130 130 0.8429569236675201
101 24 73 130 130 0.6230077610328659
101 268 8 130 130 0.15886417044739143
102 117 13 104 104 0.21019427970538684
102 124 13 104 104 0.11745366723909556
103 253 6 106 106 0.23506648195762692
103 66 219 106 106 0.4432155419565704
103 193 113 106 106 0.16573172435630257
103 66 119 106 106 0.1516475405904436
104 75 10 173 173 0.23505079393930428
104 64 10 173 173 0.11761978363855752
105 9 251 155 155 0.275351934194781
105 0 261 155 155 0.10673604338287945
106 0 54 146 146 1.3310844981243046
106 200 54 146 146 0.266994302815845
106 292 0 146 146 0.12973741251803905
107 100 25 200 200 0.5493175439599156
107 87 25 200 200 0.20070620944407835
108 305 107 132 132 1.2336914715518903
108 288 107 132 132 0.13977447687614597
109 100 0 114 114 0.7681702009709976
109 93 0 114 114 0.6395517934865484
109 215 179 114 114 0.5413175081810322
109 143 315 114 114 0.6431527819158926
109 28 322 114 114 0.47169907029753544
109 215 164 114 114 0.18299023479081944
110 144 254 135 135 0.2887473387370918
110 0 279 135 135 0.14679512662758798
110 127 254 135 135 0.12760454440783575
111 102 0 109 109 0.355647138372305
111 109 0 109 109 0.19775655438110396
112 180 83 222 222 0.2395122527781688
112 180 69 222 222 0.10276160224778197
113 22 33 176 176 0.6458140627573941
113 22 0 176 176 0.10496354644427641
114 159 33 134 134 0.4825910368711712
114 159 16 134 134 0.18404990498687868
115 78 13 208 208 0.7853805848911717
115 52 0 208 208 0.47522596155074126
116 186 22 119 119 0.412315826472051
116 22 14 119 119 0.22833915953616746
116 44 0 119 119 0.2159443673106205
116 179 14 119 119 0.12780757068967175
117 223 142 142 142 0.2684482312099479
117 214 133 142 142 0.10625717181083028
118 129 9 148 148 0.3123155245074538
118 111 0 148 148 0.18437494098330953
119 79 39 212 212 0.11494835294121653
120 294 206 100 100 0.6772346039959136
120 37 0 100 100 0.13993636664989495
120 81 256 100 100 0.10730517440476572
121 81 81 108 108 0.22460962334097112
121 189 74 108 108 0.12779853433794175
121 81 74 108 108 0.11671702618831725
122 70 28 224 224 0.6729810271084715
122 56 0 224 224 0.19798785616772996
123 38 25 203 203 0.6168506264506082
123 50 12 203 203 0.24587070009745826
124 93 93 165 165 0.1721487598180973
125 151 9 151 151 0.11655763489570337
125 170 0 151 151 0.1144343890925068
126 76 25 204 204 0.6948319677635908
126 63 0 204 204 0.2268814377318007
127 56 14 226 226 0.296656241305977
127 42 0 226 226 0.10302141964319222
128 62 172 251 251 0.2531248108414976
128 47 172 251 251 0.14599986322172098
129 52 26 209 209 0.5621529888956827
129 39 0 209 209 0.2194646985650044
130 73 61 195 195 0.22921410667864173
130 61 61 195 195 0.18898638153925917
131 127 0 119 119 0.13260893053237033
131 127 14 119 119 0.12710384174744083
132 102 120 148 148 0.28018457157638377
132 129 111 148 148 0.2466050496842822
133 68 27 219 219 0.7968413472413571
133 41 0 219 219 0.3353523466266417
134 76 0 202 202 0.6275428718656499
134 38 202 202 202 0.24194083666433097
134 50 0 202 202 0.1863198961510526
135 80 88 129 129 0.7681431772936445
135 88 80 129 129 0.3897813306291842
136 128 144 128 128 0.2655874822783164
136 48 16 128 128 0.12021945090159258
136 56 24 128 128 0.10547780767300186
137 93 78 125 125 0.9315867030828644
137 7 211 125 125 0.894341385259271
137 101 62 125 125 0.2860764818351451
137 7 203 125 125 0.17546763602691584
138 124 83 221 221 0.6890956226697593
138 110 55 221 221 0.1923918511471523
139 171 154 130 130 0.37156771205785244
139 89 16 130 130 0.32567936553424515
139 81 0 130 130 0.16446761391743503
140 114 176 166 166 0.10331815412618939
141 61 12 197 197 0.3948679098639887
141 37 12 197 197 0.12202427871370358
142 61 12 197 197 0.42757748349418057
142 24 12 197 197 0.16681375529738096
143 104 328 111 111 0.34047390401336375
143 104 321 111 111 0.2760874576804211
144 25 103 137 137 0.3778784218522828
144 34 103 137 137 0.22622293073653554
145 40 40 215 215 0.23153224324336108
145 26 40 215 215 0.1741527191161958
146 185 19 156 156 0.24157614646462489
146 175 19 156 156 0.1224459198684813
146 146 263 156 156 0.10000143201756728
147 84 18 150 150 0.18913082528255343
148 88 32 129 129 0.18012228204897718
148 185 266 129 129 0.5614827803381999
148 80 32 129 129 0.1009786715463723
149 75 18 150 150 0.6440770445883675
149 84 282 150 150 0.3477982350905344
149 65 0 150 150 0.15035640071391843
149 75 282 150 150 0.10039702850127519
150 133 8 142 142 0.27242683589473815
150 124 8 142 142 0.25486328893226506
151 68 22 182 182 0.3076370684089522
151 79 11 182 182 0.12982951597484016
152 56 22 182 182 0.5644041744302293
152 68 11 182 182 0.11773005823873528
153 162 47 153 153 0.26373497402934154
153 9 248 153 153 0.14459740375227792
153 153 38 153 153 0.11976595141147794
154 7 0 118 118 0.20771294023759257
154 192 14 118 118 0.18457553972173435
154 0 0 118 118 0.15136369995928556
154 185 155 118 118 0.36402437292129
154 192 7 118 118 0.11161448546788755
155 227 51 117 117 0.44802369718678947
155 227 66 117 117 0.12233287856373098
156 185 198 106 106 0.5401854223663451
156 185 205 106 106 0.2965666927803192
157 101 0 163 163 0.18536814583642736
157 112 0 163 163 0.16175212486017854
158 114 0 122 122 0.11615720551526909
159 94 0 168 168 0.19237402714076524
159 84 0 168 168 0.14253121468510432
160 63 31 170 170 0.5041851124894325
160 63 0 170 170 0.13925059156145814
161 104 9 151 151 0.3386457077388121
161 180 265 151 151 0.1939248774216098
161 94 0 151 151 0.18802999122036335
161 170 265 151 151 0.13572170976165854
162 0 93 149 149 0.1439015648899904
162 270 9 149 149 0.12162066025769591
162 0 74 149 149 0.12130035798435745
163 54 13 217 217 0.27778207073401884
163 40 13 217 217 0.2355553901520111
164 0 196 165 165 0.4716036477021881
164 0 175 165 165 0.25887153051924283
165 144 9 154 154 0.6470409752336872
165 28 0 154 154 0.15728860607999673
166 66 266 152 152 0.24014017004392008
166 76 266 152 152 0.1581575918275735
167 60 12 194 194 1.057942621659707
167 36 0 194 194 0.6433154412348236
168 41 0 221 221 0.32308752983673905
168 55 0 221 221 0.32269810360272677
169 60 60 240 240 0.40033723109217334
169 60 45 240 240 0.2320281893179026
170 177 18 149 149 0.3784652029140365
170 167 18 149 149 0.19059430723136161
171 215 6 111 111 0.763073172035297
171 62 13 111 111 1.0138369781452097
171 124 256 111 111 0.36254516130148806
171 13 319 111 111 0.1775591281213218
171 48 0 111 111 0.17431867597858508
172 0 236 126 126 0.4056227308889677
172 0 228 126 126 0.1584879152726244
173 69 27 222 222 1.2527294853519209
173 41 0 222 222 0.4386757978515554
174 61 171 196 196 0.12560514193008188
175 51 12 204 204 0.2611114841498039
175 38 12 204 204 0.1483389955691541
176 286 97 97 97 0.2243345389411513
176 280 97 97 97 0.14858023269463683
176 0 115 97 97 0.10033215269945805
177 0 0 177 177 0.46782362189621685
177 0 11 177 177 0.3476217287219998
178 34 0 182 182 1.6508172131349448
178 0 0 182 182 0.39502780028292195
179 0 180 144 144 0.6276324290652024
179 81 9 144 144 0.31742480121262817
179 207 207 144 144 0.2625553884241907
179 72 0 144 144 0.14299118441723757
179 198 207 144 144 0.1350476134183225
180 39 0 212 212 0.21060090788277797
180 53 0 212 212 0.14708903307877175
181 66 11 177 177 0.15433405634269426
181 11 232 177 177 0.13252554968987473
181 66 22 177 177 0.12517283497035736
182 125 37 200 200 0.44344117106104153
182 125 12 200 200 0.1411826252329833
183 126 14 118 118 0.15591710471783382
183 126 7 118 118 0.1192156246868179
184 71 26 143 143 0.15780061571283888
184 80 26 143 143 0.15653225164395979
185 10 244 170 170 1.281410061546838
185 53 21 170 170 0.1825779149348623
185 63 21 170 170 0.15512558099790308
186 137 14 116 116 0.556682476826345
186 137 7 116 116 0.1145959359652613
187 124 13 222 222 0.24029932280882527
187 111 0 222 222 0.1814759421221792
188 42 0 224 224 0.23470097775018228
188 56 0 224 224 0.19658130044329147
189 68 0 182 182 0.1182395119601456
190 27 40 216 216 0.14759566545580993
191 68 156 156 156 0.27644652878342435
191 68 146 156 156 0.10255023220526804
192 108 108 144 144 0.2544692585166759
193 107 30 122 122 0.2851988677754391
193 99 30 122 122 0.20803422806817373
193 214 153 122 122 0.1017133302835953
194 10 251 167 167 0.14140432913307732
195 92 10 164 164 0.1924695307819273
195 92 0 164 164 0.11656179097947383
196 261 0 149 149 0.2897989472415339
197 49 37 199 199 0.3107307008540292
197 49 24 199 199 0.17435990785858935
198 87 9 155 155 0.5649831510723053
198 67 0 155 155 0.21982414488808932
199 102 9 149 149 1.057628385986276
199 83 0 149 149 0.4324029205038229
199 9 176 149 149 0.5696760522198805
199 0 176 149 149 0.15105620822440846
200 105 19 153 153 0.15643714376875661
200 105 9 153 153 0.1467776320718046
201 66 183 117 117 0.36492067895983227
202 105 8 140 140 0.189674282340619
202 78 52 140 140 0.15690760914358903
203 79 19 159 159 0.18052863712616096
203 89 9 159 159 0.10328299089841542
204 83 65 149 149 0.6908519142093099
204 83 46 149 149 0.12156913204282205
205 159 0 150 150 0.4324225764016014
205 150 0 150 150 0.19503281963197594
206 81 13 216 216 0.19153450854769316
206 67 13 216 216 0.11084917749160006
207 57 57 231 231 0.6095848470591203
207 86 0 231 231 0.17115615936204964
208 213 93 213 213 0.5149021176174431
208 213 80 213 213 0.3292020492105947
209 5 328 87 87 0.37883109596389297
209 213 0 87 87 0.27176726003931084
209 208 0 87 87 0.26608454279077054
210 117 29 157 157 0.22151012193904496
210 88 0 157 157 0.10590154599839541
211 179 213 92 92 0.3460642900551538
211 57 225 92 92 0.2756409168952183
211 179 202 92 92 0.11336095324364948
212 71 213 190 190 0.20505569671345691
212 83 213 190 190 0.15304112233253608
213 92 0 212 212 0.17144841856786464
214 105 0 241 241 0.18793491490180325
214 90 0 241 241 0.11792705311936857
215 108 27 145 145 0.7155115060384238
215 99 18 145 145 0.2032027756893724
216 74 16 133 133 0.3018645496308485
216 66 16 133 133 0.25742024856873646
217 169 0 181 181 0.13291617101791653
218 188 69 158 158 0.2814289473018585
219 226 9 145 145 0.4629855545985735
219 226 0 145 145 0.13346376320428832
220 63 0 203 203 0.2710524029834147
220 50 0 203 203 0.2638720902621077
221 24 61 196 196 0.23090185079382675
221 12 61 196 196 0.16488473048799412
222 0 146 213 213 0.2085309688548842
223 8 166 140 140 0.20953545419996944
223 0 166 140 140 0.1982553223701058
224 49 206 157 157 0.14472118993664096
224 39 206 157 157 0.1419333061612269
225 221 64 114 114 0.23776123482359401
225 221 21 114 114 0.1188113493760734
225 71 150 114 114 0.11589884270277961
226 0 247 104 104 0.12775039967094948
226 0 253 104 104 0.1132565349962813
227 39 138 158 158 0.11883104389780996
228 35 47 189 189 0.2587812030936809
228 23 59 189 189 0.1598010771372551
229 141 74 132 132 0.25543883639569476
229 141 66 132 132 0.15946044416143046
230 0 184 140 140 0.6528968051800144
230 123 17 140 140 0.3900062795795507
230 132 8 140 140 0.12809998899346886
231 80 0 160 160 0.3030088043750472
231 50 0 160 160 0.18259728775350048
232 65 221 208 208 0.3016236228375271
232 78 0 208 208 0.24276842333019988
232 91 0 208 208 0.2104298030584193
232 52 208 208 208 0.20497458658822554
233 79 0 212 212 0.35677544877040646
233 53 0 212 212 0.1316647081736808
234 63 12 204 204 0.4230162394189865
234 51 0 204 204 0.11580095148251468
235 80 24 99 99 0.22118045055758917
235 80 18 99 99 0.15514456770687612
236 68 126 183 183 0.13160121648854517
237 23 253 184 184 0.3077308826432963
237 34 253 184 184 0.2761144592628264
238 105 42 168 168 0.6633779397716475
238 94 21 168 168 0.10396268356114824
239 110 80 160 160 0.2719097378371582
239 110 70 160 160 0.17643419372781577
240 110 49 98 98 0.1548490899444539
240 165 147 98 98 0.14528174970794483
241 112 71 163 163 0.6757832745725028
241 102 61 163 163 0.3397931500520308
241 0 265 163 163 0.29467620412860596
242 67 163 108 108 1.0206039766726565
242 67 149 108 108 0.15649421464128221
243 171 63 144 144 0.49741732220931634
243 162 63 144 144 0.35941034788782833
244 81 20 162 162 0.15153889249977004
245 81 0 108 108 0.5678028598598313
245 74 0 108 108 0.44442527065878124
246 23 83 190 190 0.15780947127580913
247 118 0 210 210 0.6852067343476602
247 105 0 210 210 0.4567439136886744
248 92 185 114 114 0.1474672419784393
248 64 14 114 114 0.11240386216746812
249 124 45 180 180 0.1962307109283794
249 135 33 180 180 0.1826047723976214
250 135 148 70 70 0.4300675793193869
250 148 91 70 70 0.1962443449989839
251 42 57 228 228 0.10682676000517999
252 48 0 129 129 0.3834472327754419
252 56 0 129 129 0.3112967769750541
252 89 153 129 129 0.1624613835004063
252 81 170 129 129 0.14141961933456493
253 56 42 224 224 1.1951803986932488
253 42 0 224 224 0.421624892726046
254 10 72 166 166 0.16544532898455344
254 20 83 166 166 0.14171978966473397
255 201 7 124 124 0.11726471023846696
255 116 46 124 124 0.10509462729470531
256 220 182 153 153 0.2501496662948317
256 172 0 153 153 0.15473120105790983
256 163 0 153 153 0.10143451692362326
257 255 0 146 146 0.15145273684896332
257 246 0 146 146 0.1512104603053923
258 136 10 168 168 0.31696078949115924
258 126 0 168 168 0.15025852007842122
258 0 178 168 168 0.12482745161823972
258 0 189 168 168 0.10889723767849624
259 101 101 108 108 0.1057328955497836
260 70 17 140 140 0.7088024434132936
260 70 0 140 140 0.13312177761962607
261 86 31 125 125 0.36571600561523976
261 94 23 125 125 0.11811852042157378
262 87 0 116 116 0.18792693028197283
262 94 0 116 116 0.14088707426429803
263 6 0 101 101 0.28123752639499155
263 114 0 101 101 0.2702599163827095
263 0 0 101 101 0.12082069769909332
264 66 57 152 152 0.4810626085740626
264 57 47 152 152 0.32282287029657564
265 133 7 112 112 0.23330081306919714
265 126 0 112 112 0.12360836883853432
266 152 122 163 163 0.4952677161923793
266 152 101 163 163 0.25404795551531434
267 275 155 146 146 0.36373585013718346
267 64 36 146 146 0.25683005909297263
267 9 9 146 146 0.18332788641544084
267 275 146 146 146 0.17952920451185328
268 17 42 137 137 0.23188560173870298
268 8 42 137 137 0.1919172753076026
269 113 103 150 150 0.1367999818159369
269 103 103 150 150 0.11742793754547809
270 300 225 100 100 0.31446839850130837
270 137 56 100 100 0.2507991646566232
270 137 62 100 100 0.21436299257176183
270 300 212 100 100 0.16948529880833352
271 61 49 196 196 0.2139331377307614
271 61 61 196 196 0.18419177217483318
272 107 7 123 123 0.4403703821621141
272 53 261 123 123 0.21759749936098727
272 92 0 123 123 0.13769339663724556
273 179 155 191 191 0.11323193674277121
274 72 97 129 129 0.357653359006437
274 64 97 129 129 0.12492678459999551
275 60 60 192 192 0.5196927647406091
275 36 24 192 192 0.30635610811293246
276 85 12 194 194 0.2313487352507666
276 73 12 194 194 0.15536024872224607
277 96 0 128 128 0.16392708165054204
277 80 297 128 128 0.19528407212081778
277 112 8 128 128 0.15732456277127915
278 0 28 152 152 0.5722097339731966
278 0 19 152 152 0.40230342019606313
279 207 0 138 138 0.736483242194899
279 232 181 138 138 0.7339957629668441
279 181 0 138 138 0.13643731515135293
280 12 110 196 196 0.5238608168897949
280 12 85 196 196 0.13420649278918528
281 151 21 172 172 0.1456115911348721
281 151 32 172 172 0.12404164443541021
282 66 199 152 152 0.308967362116229
282 76 190 152 152 0.1339346281016256
283 87 12 200 200 0.23401704257604283
284 106 26 85 85 0.26012735827918565
284 101 21 85 85 0.15669467236849965
284 202 74 85 85 0.19547831213256694
284 197 69 85 85 0.1275057818842873
285 119 17 136 136 0.45019434294501437
285 127 0 136 136 0.12080606987541298
286 87 174 127 127 0.4142401273307048
286 79 174 127 127 0.1019150618743847
287 178 209 124 124 0.24914746456008863
288 81 122 218 218 0.44873265420417474
288 54 40 218 218 0.1058756721974321
289 14 37 118 118 0.6096472956599888
289 207 140 118 118 0.2335405133625641
289 14 29 118 118 0.14025263623751139
290 51 10 164 164 0.3780379075943139
290 41 0 164 164 0.12973948382101042
291 74 37 199 199 0.1299436036823649
291 87 99 199 199 0.11884937131672091
292 86 0 229 229 0.24555125184766835
292 71 0 229 229 0.223429842500382
293 255 155 177 177 0.2970707018800096
293 244 144 177 177 0.18859232464317532
294 103 281 118 118 0.748599866570451
294 118 7 118 118 0.16149950175100525
294 103 7 118 118 0.14894491378969654
295 233 163 187 187 0.19059064547903803
295 222 163 187 187 0.17402194564367068
296 64 154 205 205 0.23059731959780772
296 64 128 205 205 0.10296842793838268
297 97 32 260 260 0.7416037870938128
297 81 0 260 260 0.5147160172875349
298 152 30 162 162 0.3868992767653281
298 131 30 162 162 0.12628977631626292
299 77 87 155 155 0.25468159256902134
299 77 77 155 155 0.23145092735606942
300 243 141 162 162 0.5372356911132496
300 232 131 162 162 0.14654105507059412
301 49 37 199 199 0.8121889232958674
301 12 12 199 199 0.21805433788828
302 78 22 180 180 0.7187458323126399
302 56 0 180 180 0.12533014837290768
303 112 213 200 200 0.5654812885295959
303 100 200 200 200 0.1282965526498605
304 118 63 126 126 2.5100455018408576
304 110 47 126 126 0.11480973298383712
305 174 0 199 199 0.22335890171579287
305 149 0 199 199 0.15116894655188728
306 138 119 147 147 0.4821272414408959
306 129 119 147 147 0.27270989685740155
307 61 0 196 196 0.24518695543273994
307 73 0 196 196 0.19746619169217006
308 11 22 182 182 0.1418065543451963
308 11 11 182 182 0.13990678628578102
309 74 16 133 133 0.4335591866196866
309 66 8 133 133 0.1010488897310049
310 50 243 162 162 0.10701712704342659
311 72 33 77 77 0.1390500413579181
311 67 33 77 77 0.10632246922221933
312 18 9 151 151 0.5936326499360636
312 9 0 151 151 0.3189675256439011
312 283 47 151 151 0.20365293203108115
312 283 37 151 151 0.1392601777806135
313 0 76 153 153 0.5194329533057283
313 0 48 153 153 0.2239198518358314
314 90 15 120 120 0.4283282491570981
314 120 180 120 120 0.47731421072124536
314 75 0 120 120 0.12152491478949967
315 144 100 178 178 0.7861775490971774
315 144 66 178 178 0.19759305536594152
316 243 175 100 100 0.3836390580512057
316 75 75 100 100 0.26048093909872305
316 81 75 100 100 0.20900462134586228
316 81 193 100 100 0.14892569083249718
317 72 14 232 232 0.3061629785017619
317 72 0 232 232 0.14500514541190057
318 50 12 200 200 0.5865249025328083
318 37 12 200 200 0.5048276728752872
319 258 74 133 133 0.14047887681968563
319 33 158 133 133 0.10451937862215765
320 166 33 178 178 0.23596553336573223
320 11 11 178 178 0.10388895942716148
321 185 19 156 156 0.18795032167858738
322 58 25 134 134 0.1089362664313207
323 48 0 156 156 0.6060803332027023
323 39 0 156 156 0.46341602387222647
324 81 103 118 118 0.4561371817801434
324 74 89 118 118 0.13469176888542078
325 87 0 155 155 0.7012225562509875
325 77 0 155 155 0.3412631245432203
326 108 0 134 134 0.7127145636345329
326 100 0 134 134 0.3565820680500855
327 143 62 143 143 0.1927219218610552
327 0 215 143 143 0.1480012240035795
328 45 0 121 121 0.450473783249866
328 53 0 121 121 0.36034144736978546
328 91 250 121 121 0.3752238493420077
328 114 121 121 121 0.2022195085517695
328 114 182 121 121 0.10526576324843506
329 80 64 85 85 0.13217918662052908
330 91 20 163 163 0.1152100320577576
330 71 30 163 163 0.1014056476089924
331 0 63 204 204 0.18597685377691864
331 0 76 204 204 0.15478960169546152
332 90 37 120 120 0.13572217829083755
333 0 188 125 125 0.10664975341376515
334 136 73 168 168 0.11379005462658132
335 264 110 136 136 0.2106078204869315
336 170 91 182 182 0.47363979780541676
336 170 68 182 182 0.13482594802791148
337 265 147 118 118 0.16978382096962097
337 14 0 118 118 0.14065119828032668
338 223 0 209 209 0.8146854013289193
338 196 0 209 209 0.19035957763275424
339 83 53 121 121 0.47976622035858796
339 91 53 121 121 0.4336838144331878
339 152 197 121 121 0.3282059163848803
339 159 190 121 121 0.19421323403678592
340 67 168 179 179 0.36789604372035534
340 78 100 179 179 0.1175859239081467
341 82 18 146 146 0.5933415628421863
341 64 0 146 146 0.17975129664621736
342 16 188 131 131 0.9161862886355481
342 73 8 131 131 0.3040903737299614
342 65 8 131 131 0.17842596446227743
343 44 29 236 236 0.15240848852052213
343 44 59 236 236 0.13257571481185604
344 91 7 122 122 0.2773298816266745
344 91 0 122 122 0.21415187844466654
345 76 43 174 174 0.347717279193537
345 76 21 174 174 0.12451552602597982
346 54 13 218 218 0.7254783479898541
346 41 0 218 218 0.3225541831592338
347 80 45 183 183 0.33978606782926435
347 68 34 183 183 0.1975340182384171
348 76 63 204 204 0.1467683429691884
349 153 20 111 111 0.28861892321824945
349 146 13 111 111 0.2153902349977912
350 52 65 209 209 0.34911770438179746
350 52 52 209 209 0.11672904498092596
351 110 140 160 160 0.12821835232248624
351 90 140 160 160 0.10686877282487073
352 167 175 122 122 0.5801906234017258
352 167 152 122 122 0.1916785305850548
353 117 18 144 144 0.36779018073339076
353 108 18 144 144 0.1409464300693264
354 74 67 119 119 0.25672663113913585
354 104 299 119 119 0.6167266815871733
354 74 59 119 119 0.10537831724606206
355 84 140 149 149 0.14761867891472313
356 28 115 153 153 0.2415194482719345
357 193 0 100 100 0.5453961274378003
357 187 0 100 100 0.3539684455274661
357 225 118 100 100 0.133210110963901
357 56 187 100 100 0.1262066983745891
358 48 12 194 194 0.33604523872314696
358 36 0 194 194 0.14873619569702123
359 139 101 124 124 0.28390810541271616
359 124 101 124 124 0.1270964204937839
360 102 46 149 149 0.22225571091158391
360 93 46 149 149 0.14756727650014945
361 163 34 137 137 0.20182810536685825
361 154 34 137 137 0.13505665039361192
362 125 12 200 200 0.4031539603449432
362 137 12 200 200 0.3703098744532909
363 188 53 143 143 0.33816791009728275
363 197 53 143 143 0.19974760310716988
364 85 190 152 152 0.2504294556764701
364 76 190 152 152 0.11207666789157855
365 33 155 178 178 0.3913835685149827
365 44 155 178 178 0.133729245116339
366 30 205 121 121 0.18362775248562868
366 197 182 121 121 0.11153204119377369
367 0 160 171 171 0.4899166409775042
367 181 128 171 171 0.11327771977777279
367 181 149 171 171 0.10964206986862557
368 62 12 199 199 0.8904567696554087
368 37 0 199 199 0.503367477722191
368 62 236 199 199 0.28911305185892466
368 62 224 199 199 0.12231338105945389
369 44 22 178 178 0.19046931244373155
369 22 33 178 178 0.1037092206673027
370 201 228 146 146 0.15652986697715132
370 91 265 146 146 0.10406000025363826
371 24 49 199 199 0.9358132460720194
371 12 0 199 199 0.22365277334793832
372 28 94 150 150 0.1012043870820154
373 92 16 134 134 0.2847650495364169
373 67 16 134 134 0.12298831465962601
374 49 99 199 199 0.6405103288035319
374 49 0 199 199 0.1154063879578
375 94 0 216 216 0.24282611124447318
375 108 0 216 216 0.18927194932134528
376 177 12 202 202 0.25592251886086625
376 190 0 202 202 0.1284770086717857
377 79 65 210 210 0.15299177527722563
378 164 30 97 97 0.10856286927022252
379 40 0 218 218 0.14840213395132595
380 138 276 130 130 0.521581473701048
380 130 268 130 130 0.1101472668311183
381 126 0 144 144 0.31284772733267174
381 135 217 144 144 0.33235224536136765
381 108 0 144 144 0.14343612190349653
382 148 98 158 158 0.3551895148827726
382 148 88 158 158 0.16347405324533382
383 43 153 116 116 0.20568060207416616
383 14 36 116 116 0.1924488798520454
383 226 43 116 116 0.11247908739455825
384 62 12 200 200 0.24634747953184877
384 50 12 200 200 0.1890717923218519
385 244 0 185 185 0.21621110851006353
386 46 185 148 148 0.4664401421142519
386 55 175 148 148 0.2739128233668908
387 214 140 132 132 0.34741067120746916
387 206 140 132 132 0.15227161669067257
388 88 0 236 236 0.4874014970214513
388 59 0 236 236 0.11257794864950732
389 162 0 137 137 0.21762837385540368
389 154 0 137 137 0.18703193235541238
390 155 81 118 118 0.6164709006932272
390 133 221 118 118 0.4356086644344508
390 81 44 118 118 0.10686457216004785
391 132 92 211 211 0.45367345295064143
391 145 79 211 211 0.14807080538880157
392 59 82 119 119 0.874905484056369
392 44 52 119 119 0.10615636138581785
393 0 209 124 124 0.4352947381289056
393 0 217 124 124 0.1502597344651091
394 11 0 183 183 0.18452085568133603
395 60 15 240 240 0.1034669930689982
396 41 13 219 219 0.5064466044623037
396 27 0 219 219 0.10767519566671302
397 23 220 126 126 0.4124063223679677
397 15 220 126 126 0.38891687688842325
398 0 46 148 148 0.37009823250168217
398 0 27 148 148 0.11890595210022448
399 0 169 208 208 0.14720651103647264
400 53 40 215 215 1.5494064894905528
400 26 0 215 215 0.1522846163503926
401 12 224 199 199 0.18716205344121262
401 24 224 199 199 0.13114902002986506
402 173 97 173 173 0.36077849076628876
402 173 86 173 173 0.14286052406814043
403 73 138 147 147 0.2807582961760595
404 103 20 166 166 0.27315353383881
404 93 20 166 166 0.14472979149442367
405 190 0 152 152 0.6637256826507372
405 181 0 152 152 0.527424885557302
406 158 166 120 120 0.2997721327154026
406 98 83 120 120 0.13997362081466802
407 246 253 116 116 0.19425378598049847
407 224 7 116 116 0.13806684845410233
407 224 14 116 116 0.11654344930413885
408 231 22 176 176 0.671455517802775
408 198 0 176 176 0.27515980291533815
408 22 55 176 176 0.588136307957376
408 11 55 176 176 0.19026811159738122
409 49 61 196 196 0.18549363959456766
409 49 73 196 196 0.10771306156393945
410 166 74 132 132 0.2441299637431289
410 174 58 132 132 0.10890568988705729
411 97 0 223 223 0.1373374033353567
412 112 183 163 163 0.11303548820793918
413 180 173 111 111 0.46571921837913943
413 201 167 111 111 0.19233551860529197
414 188 7 120 120 0.220136166967841
414 173 7 120 120 0.21074561642216727
415 46 0 147 147 0.4571456265369711
415 55 0 147 147 0.22158137432868652
415 110 285 147 147 0.2615144872999364
415 101 285 147 147 0.13748194998517183
416 128 257 137 137 0.3936644633936033
416 77 25 137 137 0.2446528001624948
416 68 8 137 137 0.1316577751751078
417 75 15 241 241 0.5172271248316505
417 60 0 241 241 0.1802382642893512
418 54 10 175 175 0.3404896378139899
418 65 0 175 175 0.16343193178171855
419 33 0 180 180 1.8301289904710365
419 11 0 180 180 0.6704783593427339
420 139 9 148 148 0.19004561607151604
420 139 18 148 148 0.1812740280774945
420 213 185 148 148 0.1420893192032091
421 50 12 200 200 0.2657832926711623
421 37 0 200 200 0.1173272614717078
422 46 15 124 124 0.25092339458025137
422 46 7 124 124 0.19264175723978516
422 201 193 124 124 0.14947801776934933
422 209 193 124 124 0.11488167608767075
423 39 78 208 208 1.080330057040754
423 26 52 208 208 0.13730492520027315
424 60 30 241 241 0.6377236334802916
424 45 15 241 241 0.3452006950309676
425 90 30 160 160 0.33634896473405407
425 100 10 160 160 0.10180885031389453
426 154 9 154 154 0.1140100227483618
427 79 7 116 116 0.26370249468965556
427 159 138 116 116 0.12103941567608167
427 72 0 116 116 0.10115121052089293
428 56 28 224 224 0.1579926380865857
428 42 28 224 224 0.13380803279445708
429 136 24 197 197 0.45463222153220606
429 123 0 197 197 0.3235208970931682
430 40 67 214 214 0.33484652464276654
430 26 67 214 214 0.29295791260066917
431 46 30 245 245 0.44121374403297153
431 61 0 245 245 0.1931448568464571
432 34 8 138 138 0.16092543748111776
433 95 22 90 90 0.355086774833125
433 95 16 90 90 0.3004553624815465
434 140 181 132 132 0.30089236447806544
434 0 41 132 132 0.26345317936865786
434 0 33 132 132 0.23884628315297163
434 148 165 132 132 0.10243991561779242
435 82 0 119 119 0.3814051675772534
435 74 0 119 119 0.1857626487989661
436 93 0 167 167 0.1688794714622286
436 114 0 167 167 0.12926355581375515
437 101 11 181 181 0.29432555074384203
437 90 11 181 181 0.12214734816701944
438 55 344 98 98 1.0414705971028817
438 153 344 98 98 0.2555298708098883
438 129 92 98 98 0.2298289421699382
438 110 129 98 98 0.20178628402313614
439 49 37 197 197 0.839038666442244
439 12 12 197 197 0.24078939489408002
440 32 76 174 174 0.1309616075363862
440 43 76 174 174 0.12694571319658143
441 59 14 236 236 0.20398909742161986
441 29 88 236 236 0.10528599553432683
442 20 107 107 107 0.257989927382936
442 40 214 107 107 0.18515353180418104
442 127 13 107 107 0.18402510411041684
442 127 6 107 107 0.16554240324932268
443 97 76 111 111 0.2974586468488081
443 138 270 111 111 0.4321514799890602
443 6 201 111 111 0.1999414943540856
443 97 69 111 111 0.10607248543120806
444 197 197 137 137 0.47981142774691143
444 128 42 137 137 0.2661336388533919
444 128 34 137 137 0.16323725872528083
445 110 30 160 160 0.4949223403441896
445 110 10 160 160 0.24402482728241282
446 45 15 243 243 0.2266129589243282
446 30 0 243 243 0.11624196149677535
447 113 23 95 95 0.2513116772941686
447 119 23 95 95 0.19739837424286577