1 83 69 148 227 0.910985110709092
2 158 0 99 152 0.24343013255100598
3 143 33 117 180 0.18058610171818978
4 71 35 191 293 0.5655573399349663
5 167 13 148 227 0.4096588972609876
6 95 47 170 260 0.4616032070865921
7 107 0 163 250 0.7480689365223097
8 58 104 124 190 0.2719319727338394
9 13 121 144 220 0.2878790160378981
10 75 15 160 245 0.10254476990459538
11 59 19 210 323 1.0286533034627692
12 70 14 150 230 0.19147114249704522
13 61 0 94 144 0.590867162922387
14 117 208 139 212 0.20470940063763643
15 102 165 136 208 0.4063138848110437
16 117 73 157 240 0.5393446652190195
17 13 0 144 221 0.14069135099160657
17 176 13 144 221 0.40129424395107494
18 88 0 134 206 0.27107093193076004
19 139 303 87 134 0.11070575602408073
19 106 106 87 134 0.596911012365126
20 72 54 192 295 0.24099339699728684
21 0 161 132 202 0.8754454950492516
22 85 138 113 173 0.7814604347316483
23 158 39 105 161 0.4694679235922581
24 204 240 128 196 0.24826357406471344
25 0 17 183 281 0.5342773320811192
26 172 28 102 156 0.5337466912930475
27 41 240 111 170 0.16984774480948706
27 135 41 111 170 0.45012080114943953
28 141 217 136 209 0.23339083747983902
29 98 21 116 178 0.816704480128313
30 52 230 111 170 0.1038902174701899
30 136 20 111 170 0.48925226502181607
31 263 0 165 252 0.7174867219478103
32 161 0 156 239 0.5808637301785269
33 89 33 119 182 0.34948696773023813
34 63 31 169 260 0.21360038799013314
35 234 11 124 191 0.4761041084033413
36 120 0 107 163 1.0803542864348745
37 36 27 96 147 0.4423869134601457
38 237 41 148 227 0.48435955148623466
39 63 21 112 172 1.0568904750243509
40 81 13 145 222 0.2888709934002007
41 96 19 103 157 0.12984428843864992
42 57 19 203 312 0.29344044072314635
43 155 11 118 181 0.9262856188301709
44 72 0 155 237 0.4750387500895583
45 69 115 122 188 0.23713132965791361
46 73 88 157 240 0.2933852734594671
47 151 20 108 165 0.4049711401431102
48 103 164 92 141 0.40550815413482355
49 93 93 142 217 0.32383083501541154
50 115 0 102 157 0.3907681440685262
51 40 60 214 328 0.8901592171433872
52 51 51 183 281 1.185603459239921
53 143 39 139 213 0.6236577046375089
54 36 54 195 299 0.44659302524812516
55 122 221 130 200 0.2975994150446142
55 98 12 130 200 0.31603644224604666
56 38 58 207 317 1.2733149196506368
57 102 0 137 210 0.40541914938012513
58 166 52 111 170 0.5603367272860313
59 84 72 128 196 0.5477583170301104
60 96 156 128 197 0.6405200721926849
61 23 181 84 129 0.1329901895319583
61 205 39 84 129 1.0659611126667523
62 262 0 127 195 0.22246767082149588
63 61 97 130 199 0.7782527976114977
64 108 24 88 135 0.16071907525842843
65 74 123 132 202 0.2690441542433597
66 143 52 139 213 0.2978289012205044
67 202 255 94 144 0.2906503994060281
67 202 44 94 144 0.31886227111964605
67 88 26 94 144 0.43954841666026634
68 36 36 195 299 0.5138891889871615
69 59 19 212 325 1.1343002567474045
70 69 9 105 161 0.12257641744470482
71 181 51 92 141 0.9025426075722358
72 25 150 133 205 0.12393077984328271
72 263 0 133 205 0.4159793332377866
73 0 174 155 237 0.22825503362715582
73 247 174 155 237 0.6427150231143719
74 119 64 97 149 0.9139104330859735
75 95 10 113 173 0.7392910654907883
76 75 37 133 204 0.20335032234356287
77 56 56 201 308 0.9302203706799903
78 202 222 102 157 0.20991839415609426
78 173 19 102 157 0.43874154782383723
78 48 48 102 157 0.7682282699276552
79 202 8 93 143 0.5353803899898752
80 139 43 93 142 0.27109855655019977
80 235 26 93 142 0.6183881823030466
81 77 0 207 318 0.8353875898226437
82 54 54 195 299 0.5141082707399514
83 56 18 201 309 0.48249667382637607
84 83 0 222 341 0.8685505757575591
85 85 0 228 349 0.36215738739766135
86 83 27 148 227 1.1683776458384092
87 219 0 167 256 0.7180330651116031
88 113 0 134 205 0.3490982592571026
89 38 0 203 312 0.37605596185246903
90 39 39 209 321 0.8494068340561605
91 120 0 106 163 0.34816323003934757
92 63 63 224 343 0.27867388496984424
93 59 208 105 162 0.8617212478637313
94 150 88 94 145 0.12204557321567688
94 301 159 94 145 0.5619230800809965
95 197 0 123 189 0.5066477278695285
96 79 111 170 260 0.5963740674897118
97 55 27 148 227 1.5655793506522697
98 55 83 99 151 0.20808034210561988
98 195 27 99 151 1.0847763342386643
99 92 13 140 215 0.11331507843964639
100 211 126 112 172 0.4315158903811014
101 142 0 152 232 0.20267987327014048
102 122 8 93 142 0.4834569749015354
103 50 126 135 207 0.2193076666594702
104 75 0 161 247 0.1772925232780369
105 94 10 112 172 0.6428029927561678
106 109 119 105 162 1.0758126320648833
107 144 13 140 215 0.5210121537006112
108 43 28 153 235 0.22689462816969708
109 105 0 102 156 0.35322087436021476
109 229 201 102 156 0.6752181147184217
110 161 242 122 188 0.19639396831079048
111 109 0 97 149 0.46127012179020865
112 218 72 155 237 1.2986799576550132
113 30 15 164 251 0.9515615292944022
114 160 22 121 186 0.6050803025794884
115 57 57 204 313 0.8348990407331691
116 183 10 108 166 1.0423510372992493
117 218 62 166 255 0.668654277039215
118 72 257 109 168 0.10257992268632199
118 133 20 109 168 0.34626861218086513
119 125 69 148 227 0.39988959434899773
120 163 32 87 133 0.3676919330674726
121 88 33 117 180 0.38170240862415894
122 82 61 219 336 0.49502073809158387
123 80 80 142 217 0.7775217280923485
124 116 109 83 127 0.19640795327158345
125 189 10 112 171 1.1559981528746983
126 75 0 200 307 0.7004682298287463
127 62 20 221 339 0.29341097629404356
128 69 46 246 377 0.9240840791208884
129 76 19 205 314 0.6890780235967073
130 71 17 191 293 0.7375595536226867
131 8 232 88 135 0.2123131173776065
131 141 49 88 135 0.7055159449914401
132 40 10 107 165 0.17258978755430743
133 60 20 214 329 0.5398622168299869
134 55 37 198 304 0.7571187882298507
135 260 26 95 146 0.28945326787738046
135 71 80 95 146 0.6105780342516163
136 54 0 116 178 0.14861412697896403
137 95 27 146 223 0.2707447872555149
138 135 58 206 316 1.1829174979780224
139 177 133 118 181 0.3682444487885175
140 101 174 154 237 0.44638900554353667
141 72 36 193 297 0.27715197143416104
142 54 18 193 296 1.3011563271589563
143 223 214 99 152 0.6334434615995603
144 97 8 86 132 0.9417934502248071
145 59 39 210 323 0.8438790194539127
146 184 10 116 177 0.4690884752198865
147 102 0 108 166 0.6514572442444064
148 98 43 117 179 0.7462883855561622
149 78 0 140 215 0.4290838523964575
150 60 133 129 197 0.4017650460308073
151 124 0 132 202 0.26378909642344817
152 50 50 178 273 1.259585390871216
153 156 39 138 212 0.35297432441103394
154 197 8 87 134 0.6272938120991058
155 147 0 104 160 0.516663847495108
156 108 32 115 176 0.11398330615436447
157 79 19 212 326 0.9195576494187863
158 124 62 132 203 0.24862159592759192
159 71 15 84 129 0.21498714005760955
159 261 71 84 129 0.6156627244113768
160 59 0 159 243 0.11463150281894952
161 103 0 137 210 0.35143361245860794
162 168 63 75 115 1.1266551821750193
163 59 19 212 326 0.9076434941039084
164 202 9 98 150 0.1519304563750401
164 27 184 98 150 0.418150110629921
165 10 21 112 171 0.5638901952728699
166 53 39 141 217 0.42876986973166864
167 71 71 190 292 1.3401571990690104
168 60 0 216 332 0.40152914080244506
169 66 0 235 360 0.4077555185784669
170 186 20 110 169 0.7944658158406528
171 18 222 98 151 0.15225962549456695
172 123 15 82 126 0.3715000519723166
173 61 40 218 334 1.2517224673575795
174 72 18 192 294 0.12422511472236475
175 80 13 143 219 0.9789698534338729
176 285 81 86 133 0.9955770997201758
177 24 48 128 196 0.10680743076703458
178 33 0 178 273 0.2929434935860742
179 97 12 130 200 0.28196846286590493
180 39 19 208 319 0.3575448223284585
181 108 24 128 197 0.18524817880187827
182 150 27 145 222 1.0042469084756058
183 237 267 105 161 0.17138423929457702
183 128 49 105 161 0.18177412832464612
184 87 29 103 158 0.6448951160009051
185 89 44 158 242 0.42033023714153406
186 145 9 103 158 0.5114520988265816
187 131 43 155 237 0.8964020285113838
188 61 0 220 337 0.8118536491342632
189 83 0 127 195 0.10486642625842957
190 90 198 96 147 0.23074860979901657
191 84 169 113 173 0.5938501603919435
192 110 120 107 164 0.838145033616218
193 200 100 133 204 0.6762986648629108
194 113 11 121 186 0.3632542642505099
195 111 33 119 182 0.8567317230211573
196 142 0 108 166 0.7261567007652368
197 54 18 195 299 0.7037553934148753
198 81 0 144 221 0.7492424045654047
199 104 13 139 212 0.5039575574145765
200 119 17 90 139 0.1365404123412155
200 34 238 90 139 0.24567951569101587
201 71 184 109 167 0.4455331002612135
202 95 59 127 195 0.48327892288069907
203 123 88 94 144 0.8306847529417676
204 78 26 139 212 0.44121718016223777
205 183 0 139 214 0.2098800837788657
206 171 162 96 147 0.8506321975410291
207 84 42 226 347 0.3700536451035872
208 83 27 149 228 0.41461908019750204
208 237 13 149 228 0.666198752590945
209 102 42 91 139 0.301535974110436
210 21 42 113 174 0.38000930514626363
210 277 10 113 174 0.5080314764144405
211 121 87 92 142 0.4628216289334772
212 99 132 177 271 0.1224446495864493
213 111 55 148 227 0.5882470110051161
214 135 36 131 201 0.5934544271402156
215 253 12 135 207 0.6181805497993971
216 93 23 124 190 0.8705752837549243
217 80 30 107 164 0.4327912217873837
218 194 0 147 226 0.3023868988384739
219 69 9 105 161 0.5033315127164326
220 56 74 199 305 0.6397170729851454
221 36 36 192 295 0.7580769431247181
222 27 167 149 228 0.7238382868423228
223 58 9 104 159 0.5597000142362389
224 138 85 113 174 0.6703172398289727
225 85 152 101 155 0.25608233359570076
226 147 95 92 141 1.1241330522867015
227 64 129 115 176 0.9065540889608805
228 34 34 185 284 0.979273654012722
229 158 22 120 184 0.4066655202950906
230 119 0 127 195 0.12965197870772038
231 98 35 95 145 0.1851785333184175
231 294 44 95 145 0.2179111426870881
232 76 38 204 313 1.3386813244855909
233 78 19 208 319 0.5878878800073661
234 56 0 199 306 0.5392670688941188
235 140 225 65 99 0.16708496517895566
236 50 16 179 275 0.3488286233369686
237 163 10 109 167 1.0616434262385763
238 117 14 156 240 0.37229161957669854
239 111 13 149 228 0.39221413304240316
240 114 24 87 134 0.699109948621899
241 114 57 152 233 0.15524627983971118
242 18 235 96 148 0.16820156786410867
242 127 27 96 148 0.5667521466143997
243 171 24 130 200 0.3705468855955496
244 112 11 120 184 0.22766895757372185
245 70 141 151 231 0.14516158416663383
246 34 69 186 285 0.15335970483500705
247 152 0 147 225 0.8889590440560393
248 71 7 84 130 0.14658703609785895
248 87 151 84 130 0.16273660065003592
249 142 31 168 257 0.2646933150082458
250 42 192 76 116 0.25999720800792425
250 135 150 76 116 0.33001456315438027
251 104 44 159 244 0.2107930473445052
252 187 44 117 180 0.14812290205449918
253 61 20 220 337 1.2287153863428186
254 260 22 120 185 0.7217739395802225
255 224 34 92 140 0.28237092936170405
256 65 52 139 213 0.20486848569574567
256 222 156 139 213 0.34972435350845577
258 132 0 156 240 0.4213504482543484
259 176 220 117 180 0.3307351497452997
260 73 12 130 200 0.5742732826541637
261 192 34 93 142 0.8370584777082579
262 98 0 105 161 0.1710161248418547
263 117 0 89 136 0.5620308227561159
264 66 0 141 217 0.5750123984565982
265 124 28 101 156 0.25828835828595964
266 156 114 152 232 0.685496733971964
267 227 20 110 169 0.12401163428154516
268 139 251 99 152 0.34836028950071785
269 125 104 111 171 0.5759096394040251
270 292 68 103 159 0.4196583412106307
271 72 18 192 295 0.45134912834340724
272 40 175 143 220 0.4735489846747032
273 0 117 138 212 0.2357810601027206
274 66 66 117 180 0.30594260270115003
275 52 0 188 288 0.45786484123963533
276 71 0 190 292 0.32231960567837303
277 14 154 150 230 0.24439552375721862
278 222 42 112 172 0.5773310072143414
279 305 46 125 191 0.9629645429730289
280 18 108 192 294 0.6239238411379466
281 60 132 128 196 0.2997961815258603
282 55 37 198 304 0.9197251911750632
283 78 13 140 215 0.5407210179936008
284 133 124 88 135 0.41070334712508205
285 104 14 159 243 0.6319072563766757
286 38 58 207 318 0.11288787499092678
287 198 189 92 140 0.31429024764552893
287 189 0 92 140 0.33603326136701717
288 60 40 213 327 1.2678758360107432
289 209 100 89 136 0.3176041625076005
290 64 32 114 175 0.5322798750883786
291 54 128 195 299 0.9107767276622807
292 84 63 224 344 0.8692806599108638
293 156 84 128 197 0.3620816527513737
294 217 266 105 161 0.39538658731947485
294 128 0 105 161 0.5486019752559061
295 281 193 93 143 0.36587252449467944
296 80 134 143 220 0.2170224058756729
297 119 17 181 278 0.8559623859076038
298 95 172 101 156 0.11730370960805447
298 38 0 101 156 0.3628048085355058
299 116 84 112 172 0.3842952435665239
300 242 121 117 180 0.6670013091242912
301 54 36 195 299 0.7796111582658531
302 94 0 168 257 0.3716559685314935
303 156 11 119 182 0.32065071318936833
304 55 69 147 225 0.208623995470528
305 183 52 139 213 0.7691719817280382
306 170 40 107 163 0.10502712985540863
307 72 54 192 295 0.6639458814208592
308 198 0 132 202 0.361690716156035
309 83 0 98 151 1.0641060476291593
310 88 77 117 180 0.13153471994750277
311 70 25 68 105 0.5560934164349647
312 318 41 109 167 0.6043662579445035
313 128 10 113 174 0.2626460082403248
314 91 0 108 166 0.11401827782963703
315 155 77 166 254 1.0843574459273386
316 236 39 139 214 0.19806665958704905
317 63 42 227 348 1.1362642884332168
318 36 73 196 301 0.8214105502973512
319 148 92 98 151 0.46366224761392005
320 36 12 129 197 0.7420847599503377
321 43 10 115 177 0.8744131885083861
322 74 27 99 152 0.8702671952302945
323 54 0 146 223 0.5177326652428811
324 90 70 107 165 0.5626724995994186
325 97 0 115 176 0.15009747442179333
325 292 21 115 176 0.15365118939868228
326 87 14 156 239 0.2798454746280741
327 0 0 130 199 0.1530611830111137
327 146 12 130 199 0.18041967401557457
328 74 74 198 304 0.16480843094516207
329 89 29 79 122 0.4893825527814206
330 85 28 152 233 0.6267784502397269
331 76 264 91 139 0.7769186721291634
332 321 70 107 164 0.8017609892148416
333 0 51 136 208 0.41184369806387
334 233 11 124 190 0.24618977092909522
335 273 106 81 124 0.23835894115727396
335 159 7 81 124 0.9387994704999605
336 173 111 132 202 0.987299070441986
337 114 114 87 134 0.48915440775279095
337 262 139 87 134 0.7640401834624815
338 247 13 146 225 1.296230518661574
339 93 20 110 168 1.266315625268991
340 99 149 132 203 0.1552644639402383
341 76 0 136 209 0.6800291685590605
342 11 194 122 187 0.8168014785127593
343 77 46 165 253 0.8164641193757591
344 104 52 111 170 0.1714005366791873
345 91 30 162 249 0.18089057989241208
346 40 20 214 328 0.6860113134692913
347 108 36 128 196 0.9248579044838541
348 75 0 200 307 0.11243691508357112
349 79 205 121 186 0.6052730240075366
350 68 41 146 224 0.6720796526699415
351 108 0 116 177 0.37785756887893873
352 146 133 142 217 0.13045303682565823
353 110 24 130 200 0.637861878266275
354 191 191 88 135 0.11131430526352504
355 223 40 108 166 0.421681883467137
355 91 111 108 166 0.6715886489768661
356 247 25 91 139 0.4163982480442876
357 295 40 108 166 0.4665427547968395
358 53 17 190 291 0.9524073995919318
359 122 40 145 222 0.18656314498466142
360 104 0 139 213 0.34015791094197323
361 149 34 122 187 0.3995156754059599
362 157 26 139 214 0.8297894975030722
363 200 50 133 205 0.17898836753568936
364 74 55 198 304 0.1549618122968479
365 287 158 105 161 0.11235236941001747
365 59 0 105 161 0.13919695791633324
366 77 197 91 140 0.39770695769179754
367 8 193 85 131 0.13316019130216206
367 354 153 85 131 0.546267385759557
368 36 73 195 299 0.7326294141840253
369 58 46 125 191 0.5564695406885678
370 93 51 110 168 0.23102649835333522
370 217 237 110 168 0.40708528611554406
371 18 0 195 299 0.3602573853544939
372 41 94 111 170 0.27981276841619196
373 148 113 121 186 0.5990916423958381
374 54 73 195 299 1.0502261093517469
375 127 0 151 231 0.6275393302351848
376 199 26 141 217 0.627402954405748
377 77 38 206 316 0.3128011610359507
378 168 24 85 131 1.0618425572151324
379 71 0 152 233 1.1719078517051538
380 142 198 151 232 0.34705505485877386
381 88 0 236 362 0.9992832438735746
382 110 138 147 225 0.8500442352621793
383 136 29 104 159 0.108688947256675
384 65 65 140 215 0.20460103896034343
385 244 0 173 265 0.18553560505069844
386 51 181 138 211 0.3635343384524694
387 145 0 119 183 0.2683711846281187
388 108 0 165 253 0.5033290742741883
389 163 23 124 190 0.6998944998933132
390 72 24 128 197 0.2634295202730472
391 194 69 147 226 0.15795714920215675
392 18 36 195 299 0.1784116783415166
393 42 222 112 172 0.13991297962276028
394 99 161 132 203 0.4477077738340496
395 110 15 168 257 0.42888704388192345
396 40 20 214 329 0.6146417534115498
397 64 115 137 210 0.28113144487592634
398 0 20 110 169 0.13233263650438132
398 134 269 110 169 0.24354951309087136
399 23 127 123 189 0.25140512171693064
400 39 59 210 323 0.6011255021050343
401 73 36 195 299 0.6232273892672129
402 141 0 125 192 0.27043606923247254
403 110 110 107 163 0.5765427150625271
404 101 11 120 184 0.10600792436687168
405 200 0 142 217 1.05789469748588
406 94 11 125 192 0.44754808012850167
407 239 9 101 156 0.3623039682895255
408 252 12 128 196 1.233420202223927
409 51 51 182 280 0.6604261715615685
410 0 0 120 184 0.15007108361193433
410 180 22 120 184 0.6634265844199507
411 0 190 156 239 0.8478054228694598
412 114 42 152 233 0.2260555091423999
413 160 175 155 238 0.32634118712665416
414 184 20 109 167 0.3739688875110654
415 64 0 137 210 0.47004371852690063
416 72 24 128 196 0.8180057833491088
417 94 15 168 258 1.2545254953119722
418 83 11 126 194 0.4491969476245181
419 33 49 176 271 0.44939627139599203
420 138 0 134 206 0.1420210020761059
421 144 144 140 215 0.1396905775366104
422 51 0 110 169 0.42567983066492476
423 57 76 203 312 0.9435264486538217
424 44 0 236 362 0.4395196968328907
425 240 76 116 178 0.15254540602634603
425 120 0 116 178 0.7024960532316185
426 52 105 140 214 0.1350028679510673
427 87 0 103 158 0.5332221275193936
428 68 68 122 187 0.1300493755361558
429 155 12 138 212 0.8349744960471328
430 39 19 210 322 1.0207861041861863
431 45 22 240 368 0.6634885095072971
432 163 9 102 156 0.5431551988484136
433 90 225 80 122 0.1462562272684449
433 97 15 80 122 0.8626146274283168
434 11 33 117 180 0.511708278801462
435 161 316 75 115 0.11441247081853989
435 161 176 75 115 0.11702048971339551
436 233 29 155 238 0.7539848734619172
437 110 0 168 258 0.17070948632716987
438 110 70 107 163 0.8166794585785253
439 54 18 193 296 0.4154143819234457
440 88 195 94 145 0.2951034301227706
441 43 0 231 354 0.5450179760823315
442 115 12 136 208 0.7301208492690014
443 31 203 83 128 0.18289352905235146
443 133 86 83 128 0.31734125464394425
444 140 0 124 190 1.0473123642768634
445 112 0 149 229 0.39607948281046634
446 79 47 170 260 0.9481711556011805
447 111 27 99 151 0.34341865148224193
