1 83 74 148 227 1.0748011460054485
2 158 3 99 152 0.22066676017204268
3 147 25 117 180 0.5918382498514481
4 65 23 191 293 1.0974188344530185
5 167 13 148 227 0.16511352591860762
6 74 47 170 260 0.4688001469414462
7 102 5 163 250 0.8091378545799932
8 169 119 159 244 0.160463348147025
9 13 126 144 220 0.4314529397480862
10 65 0 160 245 0.24661200794529048
11 52 19 210 323 1.3990056080147477
12 79 14 150 230 0.7411940354895066
13 50 0 115 176 0.13968251170798007
14 91 54 108 165 0.6500417810072667
15 71 136 174 267 0.4326440110609313
16 110 0 220 337 0.20624231484093025
17 167 36 144 221 0.9594692807294085
18 60 0 242 372 0.19760601724929927
19 112 95 87 134 0.39552379196933973
20 72 66 192 295 0.5177204187696387
21 0 153 132 202 1.128409645517762
22 0 8 138 212 0.3025909989332298
23 165 20 128 197 0.2859628282800437
24 175 190 165 252 0.3626192051470476
25 17 28 183 281 0.8049134319985736
26 172 31 102 156 0.8125994492004591
27 17 229 136 208 0.6332494009259679
28 47 4 136 209 0.6343188450967228
29 102 14 116 178 1.3235151484052787
30 127 21 136 208 0.19343625323102298
31 273 10 165 252 1.2311970070162248
32 156 9 156 239 1.2959081952961906
33 167 138 119 182 0.769169816936742
34 68 21 169 260 0.6300755961425475
35 165 50 160 245 0.5831659194871321
36 120 0 107 163 1.1303065106031616
37 25 18 117 180 0.14382178275051194
38 260 23 148 227 0.5990124909991068
39 67 14 112 172 1.6075342460501094
40 95 9 145 222 0.946339471592319
41 62 133 125 192 0.3043067476512822
42 57 12 203 312 0.8483224418292328
43 133 4 152 232 0.31382229982646637
44 72 4 155 237 0.599346316569862
45 74 158 158 242 0.25290977071742615
46 61 41 220 337 0.11753109646165538
47 145 13 108 165 0.8567048523022005
48 95 145 145 222 0.18299121845837152
49 57 102 142 217 0.25635443167813254
50 12 115 132 202 0.7426983033368408
51 60 46 214 328 1.2519910548185518
52 51 51 183 281 1.2327233698163536
53 135 39 139 213 0.9575472080704186
54 36 42 195 299 0.6219472790794036
55 98 143 130 200 0.4132154060359865
56 38 51 207 317 1.4521538831437573
57 107 0 137 210 0.6691931279335597
58 156 48 111 170 0.36224342008012655
59 44 117 179 275 0.5318354557876528
60 140 140 128 197 1.2100623985409076
61 21 176 97 148 0.3937536195244835
62 262 11 127 195 0.7699945079539874
63 31 78 167 256 0.10952762261459026
64 94 6 108 166 0.3120003346962892
65 78 119 132 202 0.3313090397090499
66 79 61 195 299 0.3631070244971024
67 125 176 115 176 0.580214515516646
68 42 6 195 299 0.8001249779221047
69 46 26 212 325 1.8073251102440606
70 144 84 135 207 0.28980502700655997
71 184 51 92 141 0.8228510665208473
72 259 0 133 205 0.4901549342758118
73 247 184 155 237 0.9732840631069517
74 205 201 119 182 0.5421520309490147
75 77 27 146 223 0.15142306941382522
76 113 152 103 158 0.4966166428725203
77 62 18 201 308 1.250213836018773
78 45 45 121 186 0.4409817805595413
79 202 14 93 143 0.6899760055993016
80 235 29 93 142 0.640051649968683
81 64 6 207 318 1.215272827233834
82 67 61 195 299 0.45041243560656063
83 63 12 201 309 0.8292222193955041
84 83 0 222 341 1.1459486091158988
85 78 0 228 349 0.5248726266945472
86 65 0 208 319 0.43805719838983337
87 225 5 167 256 1.4715232539555334
88 109 16 134 205 0.7868933074331825
89 31 0 203 312 0.6979811305892192
90 52 39 209 321 1.3730825608591197
91 120 0 106 163 1.0929927859751598
92 42 28 224 343 0.9730567754119703
93 46 195 136 208 0.6394875862248899
94 285 137 115 177 0.5607903249572257
95 201 0 123 189 0.6449465570970621
96 106 69 170 260 0.6008944057082741
97 51 27 148 227 1.6237491223563496
98 183 19 127 195 0.6803548139198001
99 92 17 140 215 0.48604159462056407
100 0 173 162 249 0.38899591347886986
101 147 0 152 232 0.2611016204826204
102 174 84 93 142 0.4696143190106623
103 54 135 135 207 1.365455459443297
104 75 0 161 247 0.2220003088631377
105 9 212 144 221 0.4721372660995351
106 208 0 136 208 0.4388494568050272
107 140 17 140 215 0.6560636491049856
108 48 9 153 235 0.2551602572772058
109 146 290 102 156 0.5261419566221979
110 169 222 122 188 0.4453228255720796
111 112 76 97 149 0.5807434943702221
112 213 72 155 237 1.4558637617569916
113 20 10 164 251 1.499038606644926
114 163 15 121 186 0.7473190133399656
115 63 38 204 313 1.1728733876357915
116 183 10 108 166 1.3378473268070508
117 213 41 166 255 0.539405349789936
118 140 0 109 168 0.426335113895693
119 130 65 148 227 0.6324341673702358
120 33 48 119 182 0.12060013867944419
121 84 33 117 180 0.4575864136555037
122 75 27 219 336 0.9956838993556105
123 43 12 199 305 0.5446939243167996
124 108 67 120 183 0.14911891300635127
125 192 10 112 171 0.7928462720668503
126 87 0 200 307 0.920010535694046
127 62 27 221 339 0.7076633028348964
128 69 38 246 377 0.7816134526117517
129 70 6 205 314 1.103560778964808
130 59 23 191 293 1.0987863110914295
131 30 135 139 213 0.13381779472928113
132 108 129 138 212 0.17406064652322528
133 53 13 214 329 0.9610672093722625
134 55 31 198 304 1.3456736993003346
135 83 86 95 146 0.6681797205733455
136 58 14 116 178 0.2540229511592229
137 82 22 146 223 0.6854781225024875
138 129 64 206 316 1.396893894983585
139 181 133 118 181 1.6003269263786102
140 116 180 120 184 0.9287580491704208
141 72 66 193 297 0.6314896851413763
142 54 6 193 296 1.3902293873075098
143 220 205 99 152 0.5915410696132615
144 89 0 102 156 0.30348757290958783
145 46 39 210 323 0.7517029439949519
146 184 7 116 177 0.8476777706305532
147 95 3 108 166 0.8317050811481261
148 80 9 150 230 0.31725360134357805
149 83 4 140 215 0.44830759012064814
150 221 76 129 197 0.1635136803914068
151 111 0 132 202 0.581330622213321
152 44 50 178 273 1.4583024540239986
153 160 26 138 212 0.7845620249629761
154 200 13 87 134 1.015449841966602
155 174 164 164 252 0.5055320325473733
156 115 39 115 176 0.28385156361493213
157 73 13 212 326 0.824290321872247
158 120 58 132 203 0.4105081808872155
159 243 50 100 153 0.2149127600333598
160 64 14 159 243 0.3674345944218911
161 103 0 137 210 0.29274918612413736
162 163 61 88 135 0.9469849606289094
163 59 6 212 326 1.1257912318354815
164 15 168 120 183 0.10750631328734928
165 14 14 112 171 0.6090458008661217
166 57 31 141 217 0.7485124412990525
167 65 77 190 292 1.5717990193961628
168 54 0 216 332 0.49564917637999906
169 51 14 235 360 0.670099600184275
170 177 0 135 207 0.28073474489617367
171 49 176 98 151 0.5344011122933574
172 123 232 112 172 0.4715858836475395
173 54 27 218 334 1.912821927608519
174 54 48 192 294 0.4913898565996968
175 76 13 143 219 0.9688091490377273
176 282 53 106 162 0.3671889127194019
177 59 128 105 160 0.302544052544401
178 44 5 178 273 0.6140825516284927
179 8 179 130 200 1.3616196258426956
180 32 19 208 319 0.701507405020507
181 104 12 128 197 0.6247024763112257
182 134 0 187 286 0.416911460084084
183 119 10 166 254 0.39370555686057784
184 137 150 133 204 0.10811442928659898
185 79 44 158 242 0.8757440381088224
186 20 71 162 248 0.4364080401690211
187 131 43 155 237 0.6432281919403642
188 41 0 220 337 1.3123815047528922
189 87 0 127 195 0.6250005836374872
190 33 19 212 325 0.15979193588905938
191 88 169 113 173 1.0817644202195442
192 114 102 130 200 0.4527134080159656
193 200 104 133 204 0.593214279953655
194 0 195 156 239 0.1319838571302383
195 115 33 119 182 0.8968215227446796
196 149 0 108 166 0.9150169415076674
197 54 12 195 299 1.0519385877682859
198 85 4 144 221 0.778329403927732
199 95 0 139 212 0.6718649974328381
200 26 160 142 218 0.259261767310877
201 38 182 153 235 0.7616763952915737
202 99 59 127 195 0.8673030283209751
203 122 68 115 176 0.31298802355731525
204 82 47 139 212 0.8245492175663074
205 179 0 139 214 0.216068992189403
206 174 162 96 147 0.8745668592812006
207 70 77 226 347 0.7995415896798721
208 247 37 149 228 1.9422683681262405
209 13 214 143 219 0.2652755930545987
210 256 13 146 224 0.12228754229534111
211 63 223 92 142 0.7996394247718182
212 120 193 137 211 0.6462226643859816
213 115 46 148 227 0.6910542081352857
214 59 14 236 362 0.12552650437479018
215 253 12 135 207 0.7969750670410849
216 89 27 124 190 1.4018879550005185
217 61 12 131 201 0.325874748071614
218 198 4 147 226 0.7293522542255202
219 65 23 105 161 0.25898575899029885
220 56 74 199 305 0.7506729963563923
221 30 36 192 295 0.593287278056849
222 6 78 208 320 0.3254650128829355
223 55 3 127 195 0.22357913554528586
224 96 0 146 224 0.11764283251885854
225 55 135 160 245 0.40671371423054126
226 141 56 113 173 0.15948622127007295
227 61 125 115 176 0.8525372635887043
228 40 28 185 284 0.8832482552035521
229 150 22 120 184 0.6240845842340126
230 219 23 127 195 0.7845226167815107
231 0 47 95 145 0.20524525292715667
232 83 38 204 313 1.387083080091398
233 71 6 208 319 0.7094510598419508
234 49 6 199 306 1.2619977248992322
235 178 293 75 115 0.5492557171946697
236 44 22 179 275 0.9626483145079008
237 58 225 133 204 0.3582636536305155
238 97 29 156 240 0.6085587805064292
239 111 23 149 228 0.5375125315164131
240 98 232 137 210 0.541921406814414
241 109 52 152 233 0.6167107587486838
242 51 129 118 181 0.687662548908307
243 184 65 130 200 0.2556675761742706
244 105 127 120 184 0.1706582218692141
245 59 112 211 324 0.210684384518109
246 23 40 186 285 0.29380680161436334
247 152 0 147 225 0.9614233109016515
248 68 10 84 130 0.4424122456787356
249 147 10 168 257 0.8084107759711172
250 129 172 103 159 0.3130876276074377
251 104 49 159 244 0.8600303552899
252 84 139 117 180 0.8040688945948218
253 61 13 220 337 1.4182812077651326
254 260 22 120 185 0.8684824846470915
255 210 0 112 172 0.2758449786439634
256 195 156 179 274 0.11019115554787984
257 166 217 91 140 0.14539376564183382
258 137 0 156 240 0.8686218340770009
259 180 224 117 180 0.17741751557041585
260 73 0 130 200 1.3282691120334391
261 192 14 113 174 0.2124221552491239
262 98 3 105 161 0.3826761361212072
263 105 0 105 161 0.2767655912346467
264 70 0 141 217 0.7264278101026604
265 110 0 131 200 0.26615131861077823
266 166 114 152 232 1.2134634376429636
267 274 159 159 244 0.27720828706261
268 152 232 99 152 0.5740017207193071
269 122 108 111 171 0.6458766864076981
270 288 68 103 159 0.6486524839720691
271 60 36 192 295 0.9946474176438151
272 12 106 201 308 0.12799779367196495
273 8 121 138 212 0.6543080236894698
274 62 69 117 180 0.27214090494211907
275 52 0 188 288 0.5550747860580776
276 71 0 190 292 0.41265409403688236
277 116 0 116 178 0.2093279502533134
278 218 35 112 172 0.5090200541539738
279 281 15 160 246 0.2581321786915898
280 24 96 192 294 1.1610090070752186
281 44 107 156 240 0.17626560015994386
282 62 37 198 304 0.7088683352207938
283 78 17 140 215 1.3930789025552786
284 37 115 108 166 0.1390116342034977
285 76 0 222 341 0.26659309988002455
286 45 64 207 318 0.1624137629063389
287 186 158 112 172 0.3652558645448487
288 66 20 213 327 1.554429647575632
289 4 36 129 197 0.2985694023218153
290 60 0 160 246 0.5781346263242053
291 54 140 195 299 1.0296913275355166
292 84 56 224 344 0.9897357887969913
293 156 84 128 197 0.7416824449335016
294 209 241 128 197 0.1966572400508375
295 281 190 93 143 0.32205895437281074
296 89 134 143 220 0.22873950684251798
297 95 0 254 390 0.17047553242191738
298 35 3 101 156 0.7876573750673721
299 99 58 145 222 0.17814341236944298
300 250 80 151 231 0.1340952849484971
301 67 36 195 299 0.9232121364074559
302 89 0 168 257 0.8186798342256416
303 204 174 119 182 0.16793407550660233
304 18 82 147 225 0.2427242850721094
305 183 17 139 213 0.9560062993918708
306 141 60 137 210 0.2184388359661944
307 60 24 192 295 1.1819651976773375
308 202 0 132 202 0.16932657168936638
309 150 106 155 237 0.1564489633497863
310 80 146 151 231 0.12416436315724844
311 77 30 68 105 0.6375319403849127
312 303 52 140 215 0.48702943911164676
313 121 4 139 213 0.2500702947455933
314 113 218 139 214 0.5611625840587708
315 160 77 166 254 0.952055253528096
316 241 68 108 166 0.3157794950562609
317 71 42 227 348 1.2592375022697064
318 43 73 196 301 1.1421443725314129
319 135 56 120 185 0.37376762672896735
320 10 0 166 254 0.11119815644069209
321 50 18 115 177 0.9124840062161512
322 144 72 121 186 0.9844406415276779
323 59 0 146 223 0.6903456069205829
324 80 97 107 165 0.7603650066888163
325 92 22 141 216 0.6793242913149229
326 87 9 156 239 1.0193577628585704
327 146 12 130 199 0.1842520485263175
328 62 80 198 304 0.22301508897018607
329 84 27 79 122 0.6646933707428282
330 76 33 152 233 1.2279141779650717
331 53 196 143 219 0.21449411539241225
332 302 73 130 200 0.3973705172382862
333 0 94 111 170 0.6254291426960297
334 112 27 124 190 0.4428231737388417
335 260 99 99 151 0.3232672057615651
336 169 90 169 260 0.26182721151304933
337 317 86 107 163 0.2585970684066503
338 247 13 146 225 1.4529501421258812
339 84 4 141 217 0.14769201784735975
340 45 104 208 320 0.2765647113101064
341 81 0 136 209 1.2200595030380228
342 15 190 122 187 1.8173412488014629
343 50 14 231 355 0.3152802582061014
344 100 45 111 170 0.23236160474283585
345 86 15 162 249 0.8132876046563116
346 40 20 214 328 0.7621882566351443
347 72 5 179 275 0.40472306389206647
348 75 12 200 307 0.546394618197716
349 83 201 121 186 1.195949633892491
350 76 25 205 314 0.23531462253549496
351 108 0 116 177 0.34178765568640923
352 155 128 142 217 0.6797107788761574
353 99 0 167 257 0.12275055028769266
354 52 39 139 213 0.3560688203616107
355 82 65 139 213 0.2672835853402893
356 31 71 143 219 0.14475641185265853
357 155 133 89 136 0.25957537509539996
358 41 17 190 291 1.3400562118394017
359 117 27 145 222 0.5287514060713956
360 95 39 139 213 0.6231641539282222
361 157 38 122 187 0.7881259578715745
362 153 26 139 214 1.2663868975946846
363 211 71 104 159 1.4184174413935757
364 49 31 198 304 0.3911619128237507
365 141 100 129 197 0.24944210711209935
366 28 206 132 202 0.880992963334148
367 7 147 124 190 0.12704948752706025
368 48 48 195 299 0.8073720678718017
369 43 0 175 268 0.15507544104525328
370 203 228 130 199 0.8631108313854772
371 24 0 195 299 0.4351140499305073
372 38 98 136 208 0.35342947674330416
373 22 254 121 186 0.887525908477726
374 54 61 195 299 1.1031416502988143
375 132 0 151 231 1.2693740448407422
376 203 31 141 217 0.9544774917863608
377 70 32 206 316 0.6876256384290895
378 101 129 101 155 0.10890152389824914
379 81 4 152 233 1.2297060838929275
380 142 184 151 232 0.7110628897110507
381 81 7 236 362 1.1512211279402749
382 119 124 147 225 1.0405422428199191
383 237 19 104 159 1.1478748488565107
384 36 0 196 301 0.2642975720431975
385 254 0 173 265 0.21296763735644553
386 47 185 138 211 0.35016438300413033
387 230 28 153 235 0.12933687107345637
388 103 5 165 253 1.1971108137199344
389 155 0 160 245 0.4628117338752358
390 86 0 231 355 0.15446772933620956
391 189 83 147 226 0.44485813393439066
392 18 42 195 299 0.25253212420510684
393 186 66 112 172 0.22715644534871826
394 224 153 132 203 1.4449257121798942
395 99 15 168 257 1.015078929108971
396 40 26 214 329 0.8517597299188682
397 68 107 137 210 0.6135646579099732
398 131 0 110 169 0.2201265980077567
399 23 127 151 231 0.33705265840236787
400 46 39 210 323 1.4229291100569377
401 54 48 195 299 0.4497071221850919
402 186 50 161 247 0.31848102452842975
403 204 76 107 163 0.7765600374576711
404 113 21 98 150 0.7860427980774896
405 195 0 142 217 1.2018782446821383
406 94 11 125 192 0.5799939975109523
407 235 3 101 156 0.5708633660633147
408 248 12 128 196 1.6652253891921998
409 24 0 256 392 0.25662328960574055
410 173 18 120 184 0.7417600215116185
411 102 0 156 239 0.8813569943940038
412 138 128 152 233 0.6905234740739126
413 165 180 155 238 0.8530599802000389
414 179 17 140 215 0.23260079808634604
415 55 0 137 210 1.0272432709056836
416 33 11 179 275 0.3436296759124513
417 89 15 168 258 1.3091473331612744
418 87 11 126 194 1.1876052571172941
419 44 27 176 271 0.595748554765638
420 106 22 242 371 0.11458248447796193
421 131 144 140 215 0.4632934107268829
422 51 10 110 169 0.8313810129487704
423 44 63 203 312 1.3258304980263969
424 59 14 236 362 0.7367106075970717
425 93 0 149 229 0.49956484475741414
426 227 166 140 214 0.2819234926203227
427 77 12 103 158 0.4498855170351712
428 73 14 157 240 1.0092788478027188
429 138 30 138 212 0.8488853189416274
430 46 46 210 322 1.3428543242315416
431 37 0 240 368 0.93057420367139
432 144 15 125 191 0.11056120360096422
433 140 162 97 150 0.176017763233407
434 139 112 143 220 0.21349988289868893
435 91 27 108 166 0.2674437856001588
436 238 34 155 238 0.9231261820876431
437 100 5 168 258 0.19359651456109495
438 94 17 137 210 0.30329948734887524
439 54 36 193 296 1.1432801901230674
440 37 47 170 261 0.30005023887834703
441 43 0 231 354 0.721404027049102
442 115 12 136 208 0.7697794775553166
443 94 90 120 185 0.36002345016758985
444 175 195 160 245 0.6197750003286142
445 107 0 149 229 0.29250441798958704
446 79 37 170 260 1.3713909445714227
447 196 79 121 185 0.20150750206186663
