1 83 74 148 227 1.2306546330705397
2 158 0 99 152 0.3439062009572609
3 158 195 117 180 0.7735233624206377
4 71 23 191 293 0.615578320506387
5 167 13 148 227 0.5402969820675814
6 95 42 170 260 0.7249134335731833
7 107 5 163 250 1.1079756157492324
8 154 164 159 244 0.48508530256159776
9 18 126 144 220 0.7238356490095721
10 70 0 160 245 0.4093109390570462
11 52 19 210 323 1.2657075264441635
12 79 14 150 230 0.37288745213413854
13 53 0 115 176 0.11569074555111913
14 112 195 139 212 0.3688659715107834
15 71 103 174 267 0.12334998528038721
16 110 0 220 337 0.2954612415632254
17 162 36 144 221 0.666883176195143
18 88 0 134 206 0.3063037539759186
19 173 13 107 163 0.19571428023746829
20 72 48 192 295 0.416172494920539
21 0 161 132 202 1.1327315074673703
22 8 142 138 212 0.3470269891606601
23 161 42 105 161 0.8851757947065597
24 204 240 128 196 0.3141877803112152
25 5 22 183 281 0.7099738501370876
26 171 0 124 191 0.1949424024970574
27 131 21 136 208 0.43510474942653343
28 136 222 136 209 0.636696182468464
29 102 18 116 178 0.9852916589779943
30 153 85 136 208 0.18096586351369237
31 273 5 165 252 1.399695150871455
32 156 9 156 239 0.8880548057822224
33 167 130 119 182 0.5733354180430128
34 58 0 169 260 0.4359875709340517
35 165 55 160 245 0.20856386369229196
36 120 0 107 163 1.190963984290837
37 39 24 96 147 0.7447354467548408
38 241 27 148 227 0.7349154628894137
39 70 14 112 172 1.4489609544773236
40 81 13 145 222 0.38902523218045304
41 96 16 103 157 0.2530381265876036
42 57 12 203 312 0.5589203494839672
43 123 4 152 232 0.10888143585460264
44 63 0 155 237 0.6231672353156787
45 65 119 122 188 0.6456312019920498
46 83 39 157 240 0.5327242636696032
47 145 13 108 165 0.7330543393768372
48 95 136 145 222 0.13821359466908123
49 93 93 142 217 0.5519904563544353
50 24 107 132 202 0.3124924392412245
51 53 53 214 328 1.1938822524753887
52 51 51 183 281 1.4670883597348416
53 139 43 139 213 1.0104167111189224
54 42 48 195 299 0.7275121111239622
55 157 178 168 257 0.21875144756201226
56 38 51 207 317 1.4620785188852043
57 107 0 137 210 0.6469478225629752
58 136 229 136 208 0.12707105279692832
59 56 22 179 275 0.29535103866524826
60 78 112 180 276 0.2419906485728669
61 21 176 97 148 0.45646214147847597
62 262 0 127 195 0.3125950390540646
63 56 101 130 199 1.3260307586330307
64 94 10 108 166 0.1269869470505267
65 63 51 184 283 0.16177946678475852
66 48 97 195 299 0.37837211770785184
67 125 179 115 176 0.4321024109732725
68 42 6 195 299 0.7460142880355187
69 53 33 212 325 1.4748040285272144
70 148 67 135 207 0.25071412952399963
71 169 35 112 172 0.10660544198281374
72 43 96 172 263 0.1436443319218934
73 247 184 155 237 0.783586084364942
74 201 197 119 182 0.4654652766652734
75 77 27 146 223 0.11739542685209892
76 46 23 186 286 0.3433525086221556
77 62 18 201 308 1.0788608025368644
78 4 176 148 227 0.16129373721614626
79 196 14 93 143 0.853070694964287
80 46 109 134 206 0.10968202123694737
81 64 6 207 318 1.378848657435941
82 61 48 195 299 0.6093226080969372
83 63 18 201 309 0.6238515559861597
84 83 0 222 341 1.1383799259449312
85 78 0 228 349 0.5262098925003333
86 58 19 208 319 0.1042640857100301
87 225 10 167 256 0.6873791824288402
88 109 0 134 205 0.5563958192011544
89 38 0 203 312 0.3797085621292873
90 52 39 209 321 0.9961333381018116
91 120 0 106 163 0.4433015108327114
92 56 35 224 343 0.4478001027054559
93 59 208 105 162 1.00257926362578
94 292 137 115 177 0.37942628783612764
95 201 0 123 189 0.6365494963737517
96 85 111 170 260 0.7846489860493853
97 55 27 148 227 1.909571227704195
98 191 0 127 195 0.2222138035043688
99 92 17 140 215 0.28302557160046726
100 308 158 133 204 0.7226809520931812
101 152 9 152 232 0.5757798157729515
102 124 7 113 174 0.10350639240619386
103 54 135 135 207 0.6493846228543805
104 75 0 161 247 0.26412569415311604
105 13 212 144 221 0.4409388059463477
106 221 0 136 208 0.15636088335483045
107 149 17 140 215 0.7532640936013413
108 33 9 153 235 0.4357327553890482
109 223 201 102 156 0.8628687322318394
110 103 62 221 339 0.17445912070771463
111 112 3 97 149 0.6584959723851085
112 218 72 155 237 1.3958220866559745
113 20 10 164 251 1.235862842646332
114 163 15 121 186 0.8003193602129453
115 63 44 204 313 1.2552760933026963
116 183 10 108 166 1.1736105888378872
117 213 46 166 255 0.9874252331879554
118 117 4 134 205 0.32312019660977964
119 130 69 148 227 0.5593771694510099
120 140 27 145 222 0.2033405641381505
121 84 29 117 180 0.6252675196999815
122 109 54 219 336 0.7964241308108566
123 56 12 199 305 0.2603701490476644
124 176 228 120 183 0.3038162214078597
125 189 10 112 171 1.2002732553701823
126 81 0 200 307 0.8059755381665006
127 69 34 221 339 0.4691483053155232
128 69 38 246 377 1.22523037322447
129 64 12 205 314 0.9465445827465853
130 59 23 191 293 1.2125800941980958
131 135 10 108 166 0.2684488576084114
132 53 23 107 165 0.4800609923801671
133 60 13 214 329 0.7235313886924826
134 55 37 198 304 0.8942730725933501
135 77 83 95 146 1.0668033135403252
136 58 0 116 178 0.3078107350945891
137 86 27 146 223 0.5645419080479905
138 135 64 206 316 1.4568319722801155
139 181 136 118 181 0.7774280301975891
140 106 164 154 237 0.7957793850157324
141 72 36 193 297 0.4326965802818019
142 54 18 193 296 1.5567497188389867
143 205 197 121 186 0.4095159015017369
144 140 95 102 156 0.359034811843685
145 59 39 210 323 0.971415160891085
146 184 7 116 177 0.6967799616166255
147 102 3 108 166 0.911877352608433
148 80 9 150 230 0.38501643820441855
149 83 4 140 215 0.7385933890095324
150 41 134 166 254 0.41660146511733376
151 177 136 132 202 0.7506394844117452
152 44 61 178 273 1.4554396043759807
153 160 30 138 212 0.7505788935851518
154 200 16 87 134 1.004715207330474
155 113 72 164 252 0.24761489720012908
156 108 32 115 176 0.26535277782389755
157 66 19 212 326 1.0623770626087483
158 120 53 132 203 0.46485506839933843
159 243 50 100 153 0.31098749724705965
160 64 9 159 243 0.2693211707800176
161 103 0 137 210 0.4381811304596457
162 160 55 88 135 0.30878095648275417
163 66 6 212 326 1.0138200005931475
164 24 181 98 150 0.5603501301800302
165 10 14 112 171 0.7998436367707864
166 57 31 141 217 0.5614822817960194
167 65 77 190 292 1.7630822886985549
168 54 0 216 332 0.7704553387532136
169 51 22 235 360 0.6508806905139761
170 173 71 135 207 0.22714258084073125
171 15 218 120 185 0.1874632310881308
172 123 232 112 172 0.2663585357383209
173 54 34 218 334 1.7116029002809114
174 84 6 192 294 0.3813462708073283
175 76 13 143 219 1.3513543883626868
176 282 56 106 162 0.31983051564939546
177 59 128 105 160 0.5690639233900565
178 44 0 178 273 0.5297506992992651
179 106 8 130 200 0.7079236333875567
180 32 19 208 319 0.6196198664069517
181 103 155 165 253 0.2590488315430617
182 134 0 187 286 0.17589300331071267
183 217 238 129 197 0.1846584250023311
184 129 233 133 204 0.10630000822237462
185 79 44 158 242 0.7070907475250754
186 20 81 162 248 0.37610053567474444
187 126 48 155 237 1.1579245694374747
188 61 0 220 337 1.0867665858248008
189 87 0 127 195 0.34741974290992994
190 52 66 151 232 0.30265386910927927
191 88 166 113 173 0.83141264160708
192 98 94 130 200 0.14804775328454367
193 200 91 133 204 0.9624242173588666
194 110 11 121 186 0.6282478333482593
195 115 33 119 182 1.1900842056536345
196 149 0 108 166 0.9536929313982425
197 48 12 195 299 1.0342471836216236
198 85 0 144 221 0.8449824155938921
199 99 8 139 212 0.8955835122393181
200 38 256 111 170 0.29799041648814995
201 38 182 153 235 0.14686882716664762
202 95 63 127 195 0.7302031110262706
203 7 79 115 176 0.214421972377822
204 86 30 139 212 0.7192506020246947
205 179 0 139 214 0.44612386284409933
206 169 140 117 180 0.45086339853401936
207 92 35 226 347 0.7294679831905457
208 237 18 149 228 1.0026064453138865
209 12 100 200 307 0.1032026514331792
210 291 10 113 174 1.8594750826249242
211 109 72 109 168 0.1967283018690662
212 99 132 177 271 0.3283993109212042
213 90 6 207 318 0.21748626193543208
214 139 36 131 201 0.7476512645489357
215 253 12 135 207 0.7609011231675151
216 89 19 124 190 1.2115658278061796
217 77 23 107 164 0.5763733349773084
218 198 4 147 226 0.7188194086835544
219 69 9 105 161 0.5223592140082343
220 56 68 199 305 0.7792893273714911
221 30 42 192 295 1.0566934845968794
222 27 167 149 228 1.0175286865115776
223 59 3 127 195 0.15624011274620186
224 78 181 113 174 0.6628435840293829
225 62 155 124 190 0.13576901774099448
226 137 63 113 173 0.2812858062805881
227 61 132 115 176 1.1104605602135529
228 40 23 185 284 1.3562606548571499
229 154 22 120 184 0.6555149513278178
230 119 0 127 195 0.27878975299465547
231 83 21 116 178 0.1813385174829676
232 76 38 204 313 1.6633216739097654
233 71 19 208 319 0.8477740451170386
234 49 6 199 306 0.8196062238237312
235 178 286 75 115 0.2031961195803207
236 44 11 179 275 0.5867307895236971
237 204 154 133 204 0.12590016204682208
238 102 34 156 240 0.5224904515980795
239 111 18 149 228 0.6725900335095376
240 111 232 137 210 0.29876842863293995
241 109 52 152 233 0.49313175288638944
242 118 3 118 181 0.28643218700796425
243 175 24 130 200 0.6769190693969811
244 101 18 120 184 0.3384634098386996
245 70 155 151 231 0.27148280435211336
246 40 58 186 285 0.35444687944992803
247 152 0 147 225 0.9535763976120466
248 158 204 103 158 0.14053350914771
249 147 31 168 257 0.6658091125849115
250 123 11 126 194 0.14192974870750286
251 104 49 159 244 0.45557836825177245
252 88 139 117 180 0.3261600036172767
253 55 27 220 337 1.6195453493639984
254 268 18 120 185 1.0139603387101686
255 246 123 112 172 0.14415682210440806
256 195 156 179 274 0.1196946648299948
257 199 81 70 107 0.21349714131821318
258 137 0 156 240 0.5027691234713123
259 176 220 117 180 0.35698308650234023
260 73 12 130 200 0.7149730075826712
261 251 82 146 224 0.1798803954297188
262 98 3 105 161 0.2740352558749528
263 117 0 89 136 0.7751916512088899
264 70 0 141 217 0.8600794507305387
265 130 22 101 156 0.7000849643098137
266 166 109 152 232 0.9454552225304063
267 224 20 110 169 0.5031075175876492
268 142 251 99 152 0.6333556840352574
269 129 108 111 171 0.8448203203299993
270 277 47 126 194 0.2785587503153344
271 66 24 192 295 0.8545945455856863
272 12 119 201 308 0.23627918831666084
273 238 160 138 212 0.46235495458398956
274 66 14 151 231 0.29939305788951365
275 52 5 188 288 0.5655195539032929
276 71 0 190 292 0.4743465961254938
277 14 164 150 230 0.3389029505418806
278 215 35 112 172 0.957059289952569
279 281 20 160 246 0.3348204704369975
280 24 102 192 294 0.966970041939373
281 60 112 128 196 0.38148446808654746
282 62 49 198 304 1.2730510385871627
283 92 4 140 215 0.7841358381252326
284 13 50 108 166 0.11430955857784819
285 104 14 159 243 0.827664060559768
286 45 58 207 318 0.22080696626856278
287 133 73 112 172 0.26096275317939255
288 73 33 213 327 1.5010688307242452
289 181 124 166 254 0.18947175354204204
290 55 5 160 246 0.10989445004993303
291 67 67 195 299 0.9883046853849866
292 84 56 224 344 1.0700497502936852
293 152 88 128 197 0.61769068181061
294 197 44 128 197 0.23338179842040918
295 101 122 135 207 0.19666580249892962
296 94 139 143 220 0.17703582918140648
297 125 11 181 278 1.2469566963161587
298 97 154 120 184 0.48907654250041754
299 99 45 145 222 0.1484241396261976
300 240 80 151 231 0.141292431702434
301 61 36 195 299 1.0396825702102064
302 94 5 168 257 0.5896356316149849
303 3 48 119 182 0.5836469098317738
304 46 73 147 225 0.4754288277742742
305 183 47 139 213 0.9359323980241256
306 141 60 137 210 0.12620334454056414
307 72 54 192 295 0.8123637717507777
308 202 0 132 202 0.6737394758960231
309 207 177 120 185 0.12708041363159595
310 102 73 117 180 0.28565702982223207
311 72 23 68 105 0.7279741960542918
312 328 37 109 167 0.7664840779937927
313 8 134 139 213 0.16819684346323083
314 109 179 139 214 0.3213879196820726
315 160 83 166 254 1.2205887450647614
316 236 43 139 214 0.29816718566971834
317 71 42 227 348 1.4075331967722462
318 43 73 196 301 1.0942645864952454
319 145 89 98 151 0.6863304008925917
320 119 150 166 254 0.1050261396974157
321 61 13 141 216 0.10634627229363525
322 60 3 121 186 0.20220426997511076
323 59 0 146 223 0.6186493576243228
324 94 70 107 165 0.739443483331834
325 282 0 141 216 0.2310982489555402
326 92 4 156 239 0.550877473799551
327 0 0 130 199 0.4133468071032702
328 74 74 198 304 0.2732981814550999
329 89 32 79 122 0.7071636304466387
330 81 33 152 233 0.8627324320312153
331 76 268 111 170 0.37255642061315597
332 311 61 130 200 0.3869647178022879
333 0 51 136 208 0.3908735799360492
334 229 11 124 190 0.5185550471982743
335 65 0 99 151 0.11153078252364246
336 164 63 169 260 0.3343799268227865
337 177 40 107 163 0.3331204715604943
338 261 18 146 225 1.5907657507816781
339 88 0 141 217 0.1925464746527401
340 86 132 162 248 0.2786939196887632
341 81 0 136 209 0.9250706301907223
342 7 190 122 187 1.1060807503069856
343 50 7 231 355 0.15282682969568184
344 100 52 111 170 0.36492479066879
345 91 25 162 249 0.49972324575170335
346 46 20 214 328 0.8821766096989261
347 72 0 179 275 0.1936636375670291
348 93 0 200 307 0.322329515871576
349 83 205 121 186 0.8926512830921292
350 76 25 205 314 0.17583623132357107
351 112 0 116 177 0.5875383670341592
352 155 128 142 217 0.6458190167733233
353 106 24 130 200 0.8435262482623993
354 188 194 88 135 0.4151045064014971
355 82 74 139 213 0.400720150533598
356 247 28 91 139 0.5763346499347068
357 295 40 108 166 0.4934237520394771
358 53 23 190 291 1.3336405293525824
359 76 6 203 311 0.18089494728059252
360 100 0 139 213 0.41732337154834176
361 153 38 122 187 0.4295748172934142
362 153 30 139 214 1.277062397019112
363 205 50 133 205 0.4838666703328671
364 74 68 198 304 0.4859019293501927
365 153 100 129 197 0.10256125176831454
366 237 277 108 165 0.2317906734777011
367 7 147 124 190 0.2458188182359946
368 42 67 195 299 0.9469231481493836
369 43 0 175 268 0.3261336350416253
370 289 232 130 199 0.23298496387598977
371 24 0 195 299 0.5399929444268701
372 45 90 111 170 0.3235853491106102
373 148 117 121 186 0.7485695146091489
374 67 73 195 299 1.2485096521324126
375 132 0 151 231 0.7458283601267381
376 203 31 141 217 0.7027223253523107
377 70 32 206 316 0.6657583271006338
378 161 0 101 155 0.10963731536441013
379 76 0 152 233 1.4666707695375123
380 132 194 151 232 0.4830062453000161
381 88 7 236 362 1.2040090776598726
382 119 142 147 225 1.23173265622349
383 153 224 104 159 0.3345826909796874
384 43 61 140 215 0.39291367159428536
385 254 0 173 265 0.25787922156246745
386 51 176 138 211 0.5334368079817859
387 153 0 119 183 0.3807961259801267
388 103 5 165 253 0.6862186857297876
389 163 23 124 190 0.9295480608106852
390 80 20 128 197 0.35060154442455893
391 198 73 147 226 0.5504520221007108
392 18 42 195 299 0.45047156200157756
393 186 66 112 172 0.3164738489992087
394 42 0 170 261 0.1235818843640566
395 121 21 168 257 0.5856048394280029
396 33 26 214 329 0.8919043490951422
397 68 111 137 210 0.354163247579651
398 134 272 110 169 0.33522260620259536
399 28 56 151 231 0.17817971701570356
400 26 52 210 323 0.9394097270973807
401 61 42 195 299 0.8548073711322879
402 186 50 161 247 0.22126272281221837
403 110 110 107 163 0.890578530003203
404 105 11 120 184 0.3176051803261213
405 195 0 142 217 1.2509614639709368
406 110 177 153 235 0.1948080064431168
407 239 3 101 156 0.6661293629425495
408 252 12 128 196 1.48119228180672
409 45 51 182 280 0.79579963362358
410 176 18 120 184 0.9167874454686953
411 0 190 156 239 0.9599728810933172
412 143 119 152 233 0.4693989506088714
413 165 180 155 238 0.4331472140176138
414 175 8 140 215 0.38046617736490207
415 60 0 137 210 0.6480756414662061
416 72 24 128 196 0.8990063796093419
417 89 15 168 258 1.5273853678560603
418 83 7 126 194 0.636809277539401
419 44 66 176 271 0.6330802296694491
420 143 0 134 206 0.41406621897149165
421 98 36 196 301 0.2273647199069726
422 51 0 110 169 0.5144510968214802
423 57 76 203 312 1.131147102064112
424 59 0 236 362 0.5375163524784301
425 116 0 116 178 1.0082992411875475
426 52 109 140 214 0.35657087384105135
427 87 0 126 193 0.1789999533988882
428 73 14 157 240 0.2342844037347669
429 138 30 138 212 1.1414437436991192
430 39 19 210 322 1.2081456123384837
431 37 7 240 368 1.015304735125316
432 169 16 102 156 0.7944894724940108
433 95 12 80 122 1.3137441379588053
434 139 112 143 220 0.2664278096210133
435 152 260 88 135 0.3617154423562958
436 238 34 155 238 0.9736367432354365
437 121 5 168 258 0.3396758808947189
438 94 47 137 210 0.19710821013610835
439 66 24 193 296 0.8058462469613419
440 53 58 170 261 0.21551911594758133
441 50 7 231 354 0.9086521380416992
442 104 5 175 268 0.16120273645619565
443 90 86 120 185 0.13184915945079645
444 175 185 160 245 0.1746902029822579
445 107 0 149 229 0.7399136966172821
446 74 47 170 260 1.4199559690878163
447 3 34 121 185 0.27322856388045524
